shape_id,shape_pt_lat,shape_pt_lon,shape_pt_sequence,shape_dist_traveled
0,40.732986,-74.062889,0,0
0,40.732727272289,-74.063402824745,1,0.03229824
0,40.732167566503,-74.062772298286,2,0.08314187
0,40.731530620604,-74.062041483467,3,0.1414558
0,40.7307132912,-74.06111562635,4,0.2158765
0,40.72921990241,-74.059373379654,5,0.35359462
0,40.727974448233,-74.057942910728,6,0.4676718
0,40.727344297749,-74.057254081368,7,0.52420674
0,40.726739828339,-74.056691461655,8,0.57531344
0,40.725940326021,-74.056477910728,9,0.63167134
0,40.725407548839,-74.056307793007,10,0.66954329
0,40.724755627691,-74.055867750015,11,0.72013556
0,40.724235105447,-74.055457936523,12,0.76201358
0,40.723660480525,-74.05472130954,13,0.81736541
0,40.72313602273,-74.053990817474,14,0.87005292
0,40.722721306387,-74.053275037048,15,0.91723005
0,40.722451763522,-74.052416374344,16,0.96589525
0,40.722221390818,-74.051574645508,17,1.01275569
0,40.722038384402,-74.050918034393,18,1.04938851
0,40.721832187783,-74.049960084656,19,1.10153268
0,40.721489308981,-74.048849167984,20,1.16434175
0,40.721165217504,-74.047871493393,21,1.22021819
0,40.720709817871,-74.04638940741,22,1.30396022
0,40.720498360225,-74.045658882278,23,1.34490781
0,40.720246357732,-74.044931119049,24,1.38680493
0,40.720071567817,-74.044281609787,25,1.42289595
0,40.719800436315,-74.043471357147,26,1.46927522
0,40.719678463992,-74.043058296959,27,1.49248832
0,40.719525263031,-74.042581761902,28,1.5195937
0,40.719647405788,-74.04246053373,29,1.53015357
0,40.719545761968,-74.042433711639,30,1.5373156
0,40.719231249772,-74.041708711639,31,1.58105859
0,40.719131039338,-74.041410008598,32,1.59816387
0,40.719045657877,-74.041163245369,33,1.6123684
0,40.718691977911,-74.040037005943,34,1.67620549
0,40.718161885249,-74.038351036354,35,1.77178638
0,40.717655221287,-74.03681973674,36,1.85928127
0,40.717560329755,-74.03636254097,37,1.88410403
0,40.717555575666,-74.036080298904,38,1.89888737
0,40.717569462129,-74.035872122646,39,1.90983073
0,40.717635360539,-74.035674157202,40,1.92115289
0,40.717706935479,-74.03557249227,41,1.9284191
0,40.718410749169,-74.035403772114,42,1.97784174
0,40.71998907968,-74.035118379593,43,2.08790786
0,40.722377124567,-74.034647531708,44,2.25472984
0,40.723641427472,-74.034466912689,45,2.34259103
0,40.725505189569,-74.03408812632,46,2.4728768
0,40.726965865757,-74.033837091927,47,2.57464725
0,40.727039041165,-74.033863914017,48,2.57989413
0,40.727662524409,-74.033734269836,49,2.62350208
0,40.72832913315,-74.03363889682,50,2.66982801
0,40.729200561025,-74.033466048935,51,2.73071134
0,40.729875243665,-74.033264641525,52,2.778503
0,40.730673439805,-74.033015403427,53,2.83517318
0,40.730960955552,-74.03279838623,54,2.85805748
0,40.731269944558,-74.032603724854,55,2.88171349
0,40.731615418036,-74.032247232788,56,2.91201301
0,40.731877354984,-74.031910944428,57,2.93726147
0,40.732107909864,-74.031301519821,58,2.97292279
0,40.732225723646,-74.030686349182,59,3.00614229
0,40.732243050149,-74.03011527774,60,3.03606422
0,40.732355459037,-74.029802279068,61,3.05419816
0,40.732549037903,-74.029598111084,62,3.0713192
0,40.732722356588,-74.029491689133,63,3.08452654
0,40.73377917851,-74.029406148132,64,3.15767959
0,40.734957011948,-74.02939538623,65,3.23905806
0,40.735684430695,-74.029379421951,66,3.28932237
0,40.735794179395,-74.029304320099,67,3.29786351
0,40.735858,-74.02922,68,3.30410278
0,40.735777899042,-74.029304932541,70,3.31120187
0,40.735651891229,-74.029374669975,71,3.32064222
0,40.735235392038,-74.029386233799,72,3.34942448
0,40.734424601248,-74.029397797623,73,3.40544526
0,40.733377953681,-74.029438847191,74,3.47779005
0,40.732729655997,-74.029501354431,75,3.52270029
0,40.732545764811,-74.02922426712,76,3.54198397
0,40.73241824879,-74.02898521553,77,3.5572893
0,40.732324414817,-74.028616417908,78,3.57765673
0,40.732329708431,-74.028208433777,79,3.59901947
0,40.732364726031,-74.027006515778,80,3.66199125
0,40.732394808775,-74.02490546286,81,3.77200949
0,40.732414850006,-74.022607306763,82,3.89233515
0,40.732446967753,-74.021160915344,83,3.96809203
0,40.732494261795,-74.015701161407,84,4.25395045
0,40.732518828125,-74.013093732819,85,4.39047013
0,40.732507875122,-74.011486753998,86,4.47460518
0,40.732681448352,-74.010048835998,87,4.55083493
0,40.732759415183,-74.009475870392,88,4.58131163
0,40.732876210049,-74.00870477581,89,4.62247981
0,40.733083454509,-74.007113420971,90,4.70701439
0,40.732933,-74.007072,91,4.7176334
0,40.733063376705,-74.006347192451,93,4.75663417
0,40.733220598109,-74.005356156731,94,4.80964317
0,40.733402014426,-74.004219544289,95,4.87045436
0,40.73357840425,-74.003059255928,96,4.93240953
0,40.733764107205,-74.001874426567,97,4.99575192
0,40.733902421332,-74.00081586837,98,5.05198837
0,40.734010497257,-74.000053322754,99,5.09260209
0,40.734069,-73.999656,100,5.11379214
0,40.734150259457,-73.999223186508,101,5.13713618
0,40.734249,-73.999107,102,5.14627615
0,40.734783,-73.99871,104,5.18862166
0,40.735031,-73.998542,105,5.20788151
0,40.735389,-73.998275,106,5.23629217
0,40.73603,-73.997802,107,5.28703147
0,40.736667,-73.997337,108,5.33732561
0,40.737354,-73.996849,109,5.39122886
0,40.737361,-73.996841,111,5.39186963
0,40.738044,-73.996337,112,5.44593334
0,40.738685,-73.995872,113,5.4964691
0,40.739273,-73.995445,114,5.54283764
0,40.73986,-73.995018,115,5.58914557
0,40.74044,-73.99459,116,5.63505594
0,40.741031,-73.994163,117,5.68160594
0,40.741615,-73.993736,118,5.72773214
0,40.742233,-73.993293,119,5.7763206
0,40.7429,-73.992805,120,5.82901016
0,40.742912,-73.992797,121,5.82994096
0,40.743568,-73.992317,123,5.88176264
0,40.744186,-73.991874,124,5.93035074
0,40.7448,-73.991416,125,5.97907762
0,40.745422,-73.990966,126,6.02808368
0,40.746036,-73.990516,127,6.07660565
0,40.746658,-73.990066,128,6.1256115
0,40.747276,-73.989616,129,6.17437506
0,40.747894,-73.989158,130,6.22334213
0,40.748504,-73.988708,131,6.27162222
0,40.749037136642,-73.988332652779,132,6.31336838
0,40.749114,-73.988273,133,6.31952881
1,40.734633750439,-74.163635931213,0,0
1,40.735387218267,-74.162445931213,1,0.08118549
1,40.736304229471,-74.160896285706,2,0.18411963
1,40.737687782028,-74.158628197067,3,0.33655146
1,40.738212806456,-74.157656055572,4,0.39904725
1,40.738611314772,-74.156968765884,5,0.44435251
1,40.739045400997,-74.156233552254,6,0.49314553
1,40.739198677226,-74.155983865082,7,0.50996785
1,40.739323192761,-74.155768195106,8,0.52416185
1,40.739437,-74.155677,9,0.53336045
1,40.740376686292,-74.153980978821,10,0.64334908
1,40.741074730908,-74.152585585953,11,0.73087934
1,40.741328125086,-74.151382125626,12,0.79626433
1,40.74149657288,-74.149868173233,13,0.87636507
1,40.74184749662,-74.145449371628,14,1.10894202
1,40.742062148767,-74.142615997345,15,1.25799883
1,40.742429254421,-74.137514243347,16,1.52625833
1,40.742898460125,-74.131597359741,17,1.83767503
1,40.743241236945,-74.127573661316,18,2.04962525
1,40.743291662678,-74.123922386169,19,2.2407847
1,40.743194052127,-74.118688581909,20,2.5148337
1,40.743063348083,-74.116422714294,21,2.63378511
1,40.7426420565,-74.112677744705,22,2.83196762
1,40.742159350916,-74.107667568756,23,3.09634296
1,40.741799980181,-74.10422740741,24,3.27812689
1,40.741675202001,-74.101929928558,25,3.39870084
1,40.741434106916,-74.095364457611,26,3.74278573
1,40.741326742862,-74.092674640198,27,3.88378472
1,40.741291461458,-74.091290333313,28,3.95629003
1,40.741233085388,-74.0890264841,29,4.07486444
1,40.741159604082,-74.087441313461,30,4.15799867
1,40.741073699447,-74.08656759259,31,4.20411899
1,40.74088501121,-74.085616322754,32,4.25559351
1,40.740673718874,-74.084841373016,33,4.29870683
1,40.740516423075,-74.084232626984,34,4.33237536
1,40.740235931426,-74.083296388886,35,4.38507766
1,40.739613613203,-74.081073017197,36,4.50915473
1,40.739452257009,-74.08050435582,37,4.54094222
1,40.739301836544,-74.079991846558,38,4.56971384
1,40.739014349895,-74.078902226845,39,4.63011329
1,40.738633446191,-74.077420203705,40,4.71203758
1,40.738466866106,-74.07668987368,41,4.75196444
1,40.738292088075,-74.07595494841,42,4.7922878
1,40.738156572881,-74.075391525131,43,4.82323305
1,40.737988538316,-74.074786050262,44,4.85698864
1,40.737739213697,-74.073946694443,45,4.90418461
1,40.737546695428,-74.07326194841,46,4.94241916
1,40.737279443383,-74.072335796295,47,4.99430022
1,40.736958377626,-74.071162694443,48,5.05959591
1,40.736574670398,-74.06988435582,49,5.13157733
1,40.736059669265,-74.068316661377,50,5.22102881
1,40.735634150223,-74.067195339951,51,5.28668171
1,40.735090836377,-74.066285189163,52,5.34733968
1,40.734650354034,-74.065668408737,53,5.3917107
1,40.734142515297,-74.065079223556,54,5.43842791
1,40.733891594655,-74.064779969589,55,5.4617943
1,40.733506901105,-74.064361002655,56,5.4962548
1,40.733362909491,-74.064188248024,57,5.50970001
1,40.733162226015,-74.063916781754,58,5.52955514
1,40.733045900388,-74.063763400139,59,5.54091627
1,40.732988753574,-74.063505263893,60,5.55499557
1,40.73295215584,-74.063285034393,61,5.56679935
1,40.732905409049,-74.063153606152,62,5.57440047
1,40.732835597238,-74.063044568123,63,5.58187394
1,40.732434595194,-74.062877111778,64,5.61093328
1,40.732159436532,-74.062702560852,65,5.63202639
1,40.731847691706,-74.062352619713,66,5.66030287
1,40.73132879792,-74.06172774736,67,5.70883656
1,40.730882915789,-74.061252308212,68,5.74844212
1,40.730121329155,-74.060447578049,69,5.81584957
1,40.729536120052,-74.059834238098,70,5.86748229
1,40.728644136489,-74.058749917999,71,5.95127305
1,40.727484054322,-74.05756020636,72,6.05278223
1,40.726803648506,-74.056832476196,73,6.11329403
1,40.726588151454,-74.05664790213,74,6.13104419
1,40.726247923226,-74.056498342606,75,6.15582058
1,40.725976914299,-74.056408173294,76,6.17513058
1,40.725700256842,-74.056388259277,77,6.19427328
1,40.725263805463,-74.056200343933,78,6.22599228
1,40.72477987613,-74.05587636113,79,6.26348422
1,40.724327219938,-74.055515243408,80,6.30002988
1,40.723965387034,-74.055106616424,81,6.33293487
1,40.723575068922,-74.054594683884,82,6.37095779
1,40.723110383968,-74.053993513245,83,6.41591999
1,40.722766177983,-74.053387818802,84,6.45556072
1,40.722485599303,-74.052623919327,85,6.50000969
1,40.722133042706,-74.051483579376,86,6.56449732
1,40.721960921226,-74.050522866409,87,6.61618885
1,40.721699522389,-74.049597424606,88,6.66790315
1,40.721416253986,-74.048697101852,89,6.71894728
1,40.721139575941,-74.047801661377,90,6.76958196
1,40.720880620905,-74.046948813492,91,6.81769015
1,40.720620372745,-74.046131915344,92,6.86409094
1,40.72036825777,-74.045240457672,93,6.91391468
1,40.72000778875,-74.044158002655,94,6.97582603
1,40.719763844641,-74.043377479832,95,7.02003596
1,40.719675695876,-74.04307797057,96,7.03686046
1,40.719616742504,-74.042809749668,97,7.05148429
1,40.719586419515,-74.042511495701,98,7.06724183
1,40.719513235912,-74.042476626984,99,7.07261777
1,40.719219052446,-74.041644338623,100,7.12070643
1,40.719029394729,-74.04105059259,101,7.15444609
1,40.718292185025,-74.038833,102,7.28124908
1,40.717821975948,-74.037399576721,103,7.36303932
1,40.717392186014,-74.035696101852,104,7.4570554
1,40.717228317999,-74.034654186508,105,7.51277851
1,40.717157856744,-74.034271944775,106,7.53337848
1,40.717071131815,-74.033758825726,107,7.56090839
1,40.717001922782,-74.033178343586,108,7.59167977
1,40.716897538582,-74.032407939812,109,7.63266247
1,40.716828417946,-74.032456219574,110,7.63806617
1,40.716353514742,-74.0280705728,111,7.87005891
1,40.714447367842,-74.019565052979,112,8.33453226
1,40.712728855589,-74.011945715622,113,8.75083839
2,40.712712590898,-74.011934986786,0,0
2,40.714717980837,-74.018992926025,1,0.3947305
2,40.71676584561,-74.032384409718,2,1.11013458
2,40.71688127491,-74.032370388886,3,1.11814317
2,40.716985659135,-74.033004,4,1.15209768
2,40.717103659063,-74.034013635582,5,1.20559327
2,40.71718631805,-74.034430195106,6,1.22814206
2,40.717359658907,-74.035502982803,7,1.28558195
2,40.717691868262,-74.036997245369,8,1.36712692
2,40.71828405336,-74.038800813492,9,1.47005271
2,40.719114776211,-74.041383186508,10,1.61695424
2,40.719365420216,-74.04208958532,11,1.65779726
2,40.719501038638,-74.04248735582,12,1.68063667
2,40.719521367428,-74.042583915344,13,1.68588454
2,40.72023270102,-74.044888461655,14,1.81618336
2,40.720570307705,-74.046021222229,15,1.87992008
2,40.720777773469,-74.046642720238,16,1.91548052
2,40.720871284058,-74.046969949738,17,1.9337928
2,40.721220868693,-74.048048520515,18,1.99521773
2,40.721478272358,-74.04883172422,19,2.03991837
2,40.721855128004,-74.050086903458,20,2.11061207
2,40.721989506993,-74.050665843269,21,2.14231653
2,40.722158936357,-74.051474970917,22,2.18627155
2,40.722485382644,-74.052593531769,23,2.24903407
2,40.722702223978,-74.053275294998,24,2.28774856
2,40.722949073394,-74.053761175949,25,2.31837753
2,40.723595546896,-74.054626999367,26,2.38201919
2,40.724334099715,-74.055559923309,27,2.45265835
2,40.724810972429,-74.055908966301,28,2.49033494
2,40.725367964914,-74.056308246063,29,2.53412968
2,40.72576231321,-74.056475474236,30,2.56274754
2,40.72621902499,-74.056466447113,31,2.59430521
2,40.726589114836,-74.056683141556,32,2.62227884
2,40.727285736153,-74.057337761269,33,2.68136531
2,40.728074608595,-74.058199888916,34,2.75213346
2,40.728996040744,-74.059223466965,35,2.83534929
2,40.729685857581,-74.060038214325,36,2.89931076
2,40.730470459438,-74.060979171333,37,2.97256049
2,40.73101261602,-74.061599613136,38,3.02214117
2,40.731721421853,-74.062386993424,39,3.08615326
2,40.732784092169,-74.063192363786,40,3.17081918
2,40.732868116783,-74.063189407409,41,3.17662635
2,40.733086298625,-74.06375710318,42,3.20995147
2,40.733322064077,-74.064143341278,43,3.2359171
2,40.73417883171,-74.065110509262,44,3.31381285
2,40.735111160405,-74.066226180565,45,3.40076525
2,40.735597567255,-74.06711487368,46,3.45815767
2,40.736104381468,-74.068257652779,47,3.52747762
2,40.736700676463,-74.070002373016,48,3.62767661
2,40.737100641701,-74.071548932541,49,3.7132257
2,40.737393254118,-74.072587923943,50,3.77125275
2,40.737809327209,-74.07402179895,51,3.85163217
2,40.738308146789,-74.075843579376,52,3.95303756
2,40.738662805642,-74.077392514572,53,4.03774461
2,40.739392035271,-74.0802772864,54,4.19694176
2,40.739536712222,-74.08087736113,55,4.2299068
2,40.739759658551,-74.081621842606,56,4.27181273
2,40.740535374845,-74.084286785736,57,4.42125762
2,40.74096054812,-74.08604236113,58,4.51773817
2,40.741163617572,-74.087229666687,59,4.58145415
2,40.741246142365,-74.088572310867,60,4.65196858
2,40.741308404004,-74.089999374344,61,4.72679486
2,40.74139357879,-74.092416731491,62,4.85347294
2,40.74144227644,-74.095908161346,63,5.03626951
2,40.741680660317,-74.103528751343,64,5.43552291
2,40.74211291193,-74.108214904785,65,5.68263806
2,40.742624891832,-74.112539589996,66,5.91176565
2,40.74309802004,-74.117642653412,67,6.18088214
2,40.743176565871,-74.121987253967,68,6.40836745
2,40.743303920181,-74.126289481506,69,6.63374147
2,40.742684482783,-74.134419333313,70,7.06145061
2,40.742189836773,-74.14127820636,71,7.42210882
2,40.741794079169,-74.146624015808,72,7.70327574
2,40.741538244471,-74.149229936462,73,7.84082756
2,40.741326894692,-74.15133278833,74,7.95186965
2,40.740832630878,-74.153033757919,75,8.04723439
2,40.740285323582,-74.154069539673,76,8.11333841
2,40.739891471501,-74.154748541,77,8.15810279
2,40.73958680951,-74.155316525131,78,8.19453235
2,40.739306934569,-74.155827203705,79,8.22752588
2,40.739380096405,-74.155762830688,80,8.233601
2,40.738877576581,-74.156573951065,81,8.28844953
2,40.737598400232,-74.158985498703,82,8.44255354
2,40.737221210054,-74.159736805588,83,8.48973455
2,40.736566616787,-74.160971265915,84,8.56861239
2,40.73590366022,-74.162094709045,85,8.64315763
2,40.735625221034,-74.162546313522,86,8.67363754
2,40.735266195273,-74.163075271858,87,8.71081456
2,40.734937036291,-74.163545989441,88,8.74434743
2,40.73471097777,-74.163874887589,89,8.76759408
3,40.735858,-74.02922,0,0
3,40.735777899042,-74.029304932541,1,0.00709908
3,40.735651891229,-74.029374669975,2,0.01653943
3,40.735235392038,-74.029386233799,3,0.04532169
3,40.734424601248,-74.029397797623,4,0.10134247
3,40.733377953681,-74.029438847191,5,0.17368726
3,40.732729655997,-74.029501354431,6,0.2185975
3,40.732545764811,-74.02922426712,7,0.23788118
3,40.73241824879,-74.02898521553,8,0.25318652
3,40.732324414817,-74.028616417908,9,0.27355394
3,40.732329708431,-74.028208433777,10,0.29491669
3,40.732364726031,-74.027006515778,11,0.35788847
3,40.732394808775,-74.02490546286,12,0.4679067
3,40.732414850006,-74.022607306763,13,0.58823236
3,40.732446967753,-74.021160915344,14,0.66398925
3,40.732494261795,-74.015701161407,15,0.94984767
3,40.732518828125,-74.013093732819,16,1.08636734
3,40.732507875122,-74.011486753998,17,1.17050239
3,40.732681448352,-74.010048835998,18,1.24673214
3,40.732759415183,-74.009475870392,19,1.27720885
3,40.732876210049,-74.00870477581,20,1.31837703
3,40.733083454509,-74.007113420971,21,1.4029116
3,40.732933,-74.007072,22,1.41353061
3,40.733063376705,-74.006347192451,24,1.45253138
3,40.733220598109,-74.005356156731,25,1.50554039
3,40.733402014426,-74.004219544289,26,1.56635158
3,40.73357840425,-74.003059255928,27,1.62830675
3,40.733764107205,-74.001874426567,28,1.69164914
3,40.733902421332,-74.00081586837,29,1.74788559
3,40.734010497257,-74.000053322754,30,1.78849931
3,40.734069,-73.999656,31,1.80968936
3,40.734150259457,-73.999223186508,32,1.83303339
3,40.734249,-73.999107,33,1.84217337
3,40.734783,-73.99871,35,1.88451888
3,40.735031,-73.998542,36,1.90377873
3,40.735389,-73.998275,37,1.93218939
3,40.73603,-73.997802,38,1.98292869
3,40.736667,-73.997337,39,2.03322283
3,40.737354,-73.996849,40,2.08712608
3,40.737361,-73.996841,42,2.08776684
3,40.738044,-73.996337,43,2.14183055
3,40.738685,-73.995872,44,2.19236632
3,40.739273,-73.995445,45,2.23873485
3,40.73986,-73.995018,46,2.28504279
3,40.74044,-73.99459,47,2.33095316
3,40.741031,-73.994163,48,2.37750316
3,40.741615,-73.993736,49,2.42362935
3,40.742233,-73.993293,50,2.47221782
3,40.7429,-73.992805,51,2.52490738
3,40.742912,-73.992797,52,2.52583818
3,40.743568,-73.992317,54,2.57765985
3,40.744186,-73.991874,55,2.62624796
3,40.7448,-73.991416,56,2.67497483
3,40.745422,-73.990966,57,2.7239809
3,40.746036,-73.990516,58,2.77250286
3,40.746658,-73.990066,59,2.82150871
3,40.747276,-73.989616,60,2.87027227
3,40.747894,-73.989158,61,2.91923934
3,40.748504,-73.988708,62,2.96751944
3,40.749037136642,-73.988332652779,63,3.0092656
3,40.749114,-73.988273,64,3.01542602
4,40.732986,-74.062889,0,0
4,40.732727272289,-74.063402824745,1,0.03229824
4,40.732167566503,-74.062772298286,2,0.08314187
4,40.731530620604,-74.062041483467,3,0.1414558
4,40.7307132912,-74.06111562635,4,0.2158765
4,40.72921990241,-74.059373379654,5,0.35359462
4,40.727974448233,-74.057942910728,6,0.4676718
4,40.727344297749,-74.057254081368,7,0.52420674
4,40.726739828339,-74.056691461655,8,0.57531344
4,40.725940326021,-74.056477910728,9,0.63167134
4,40.725407548839,-74.056307793007,10,0.66954329
4,40.724755627691,-74.055867750015,11,0.72013556
4,40.724235105447,-74.055457936523,12,0.76201358
4,40.723660480525,-74.05472130954,13,0.81736541
4,40.72313602273,-74.053990817474,14,0.87005292
4,40.722721306387,-74.053275037048,15,0.91723005
4,40.722451763522,-74.052416374344,16,0.96589525
4,40.722221390818,-74.051574645508,17,1.01275569
4,40.722038384402,-74.050918034393,18,1.04938851
4,40.721832187783,-74.049960084656,19,1.10153268
4,40.721489308981,-74.048849167984,20,1.16434175
4,40.721165217504,-74.047871493393,21,1.22021819
4,40.720709817871,-74.04638940741,22,1.30396022
4,40.720498360225,-74.045658882278,23,1.34490781
4,40.720246357732,-74.044931119049,24,1.38680493
4,40.720071567817,-74.044281609787,25,1.42289595
4,40.719800436315,-74.043471357147,26,1.46927522
4,40.719678463992,-74.043058296959,27,1.49248832
4,40.719525263031,-74.042581761902,28,1.5195937
4,40.719647405788,-74.04246053373,29,1.53015357
4,40.719545761968,-74.042433711639,30,1.5373156
4,40.719231249772,-74.041708711639,31,1.58105859
4,40.719131039338,-74.041410008598,32,1.59816387
4,40.719045657877,-74.041163245369,33,1.6123684
4,40.718691977911,-74.040037005943,34,1.67620549
4,40.718161885249,-74.038351036354,35,1.77178638
4,40.717655221287,-74.03681973674,36,1.85928127
4,40.717560329755,-74.03636254097,37,1.88410403
4,40.717555575666,-74.036080298904,38,1.89888737
4,40.717569462129,-74.035872122646,39,1.90983073
4,40.717635360539,-74.035674157202,40,1.92115289
4,40.717706935479,-74.03557249227,41,1.9284191
4,40.718410749169,-74.035403772114,42,1.97784174
4,40.71998907968,-74.035118379593,43,2.08790786
4,40.722377124567,-74.034647531708,44,2.25472984
4,40.723641427472,-74.034466912689,45,2.34259103
4,40.725505189569,-74.03408812632,46,2.4728768
4,40.726965865757,-74.033837091927,47,2.57464725
4,40.727087824726,-74.033799541,48,2.58329969
4,40.727938961523,-74.033680625656,49,2.64243343
4,40.728930782902,-74.033520879623,50,2.71146693
4,40.729501382642,-74.033401675919,51,2.75138067
4,40.730249234109,-74.033135895493,52,2.80489073
4,40.730966124647,-74.032822284378,53,2.85707125
4,40.731505671178,-74.032422876968,54,2.89981306
4,40.731847177698,-74.031938537018,55,2.93444986
4,40.732111157559,-74.031127708984,56,2.98065237
4,40.732226454212,-74.030132657394,57,3.03335299
4,40.73227240686,-74.028569173294,58,3.1152694
4,40.732121769531,-74.025345161407,59,3.28438042
4,40.731957684259,-74.022438870453,60,3.43695899
4,40.731689570414,-74.016526960358,61,3.74702772
4,40.731431977659,-74.012357748688,62,3.96602979
4,40.731306080568,-74.01014330423,63,4.08229249
4,40.731149963103,-74.008947425934,64,4.14582494
4,40.731095856626,-74.008376450401,65,4.17595118
4,40.73115483712,-74.008150824745,66,4.18844687
4,40.731225488521,-74.008018095909,67,4.19693878
4,40.73132985869,-74.007953049282,68,4.20491319
4,40.731483009033,-74.007898731491,69,4.21586989
4,40.731981916884,-74.007771367073,70,4.25097849
4,40.732713544946,-74.007593536385,71,4.30237691
4,40.732770454243,-74.007545256622,72,4.30705144
4,40.732855805106,-74.007410849213,73,4.31623225
4,40.732924896107,-74.007265712967,74,4.32520548
4,40.732961454561,-74.007078705522,75,4.33531641
4,40.732933,-74.007072,76,4.33731416
4,40.733063376705,-74.006347192451,77,4.37631493
4,40.733220598109,-74.005356156731,78,4.42932393
4,40.733402014426,-74.004219544289,79,4.49013512
4,40.73357840425,-74.003059255928,80,4.55209029
4,40.733764107205,-74.001874426567,81,4.61543268
4,40.733902421332,-74.00081586837,82,4.67166913
4,40.734010497257,-74.000053322754,83,4.71228285
4,40.734069,-73.999656,84,4.7334729
4,40.734150259457,-73.999223186508,85,4.75681694
4,40.734249,-73.999107,86,4.76595691
4,40.734783,-73.99871,88,4.80830242
4,40.735031,-73.998542,89,4.82756227
4,40.735389,-73.998275,90,4.85597293
4,40.73603,-73.997802,91,4.90671223
4,40.736667,-73.997337,92,4.95700637
4,40.737354,-73.996849,93,5.01090962
4,40.737361,-73.996841,95,5.01155038
4,40.738044,-73.996337,96,5.0656141
4,40.738685,-73.995872,97,5.11614986
4,40.739273,-73.995445,98,5.1625184
4,40.73986,-73.995018,99,5.20882633
4,40.74044,-73.99459,100,5.2547367
4,40.741031,-73.994163,101,5.3012867
4,40.741615,-73.993736,102,5.3474129
4,40.742233,-73.993293,103,5.39600136
4,40.7429,-73.992805,104,5.44869092
4,40.742912,-73.992797,105,5.44962172
4,40.743568,-73.992317,107,5.5014434
4,40.744186,-73.991874,108,5.5500315
4,40.7448,-73.991416,109,5.59875838
4,40.745422,-73.990966,110,5.64776444
4,40.746036,-73.990516,111,5.6962864
4,40.746658,-73.990066,112,5.74529226
4,40.747276,-73.989616,113,5.79405582
4,40.747894,-73.989158,114,5.84302289
4,40.748504,-73.988708,115,5.89130298
4,40.749037136642,-73.988332652779,116,5.93304914
4,40.749114,-73.988273,117,5.93920957
5,40.735858,-74.02922,0,0
5,40.73572242756,-74.029348296959,1,0.01152593
5,40.735586854844,-74.029390763229,2,0.02115296
5,40.735249760075,-74.029387068787,3,0.04444358
5,40.733534287751,-74.029407914017,4,0.16297057
5,40.732958046165,-74.029483048935,5,0.20297696
5,40.732722356588,-74.029502417969,6,0.21929244
5,40.732516518203,-74.029641026428,7,0.23525827
5,40.732339199141,-74.029888109756,8,0.25307456
5,40.732243050149,-74.030093820068,9,0.26572824
5,40.732201210325,-74.030670797562,10,0.29607337
5,40.732006486851,-74.031624637543,11,0.34779141
5,40.731798908521,-74.032016545284,12,0.37282493
5,40.73152628919,-74.032365537682,13,0.39906623
5,40.731123587311,-74.032735987751,14,0.43298172
5,40.7307046227,-74.032956234116,15,0.46414021
5,40.729896276221,-74.033286692451,16,0.52260741
5,40.729264450602,-74.033457286038,17,0.56716459
5,40.728460711967,-74.033596227011,18,0.62316932
5,40.727022779971,-74.033831727509,19,0.7232783
5,40.72696993106,-74.033831727509,20,0.72692979
5,40.726674685665,-74.033878625656,21,0.74747564
5,40.726297858809,-74.033954048935,22,0.7738084
5,40.725891373545,-74.034030853828,23,0.80217899
5,40.725357840089,-74.034125950718,24,0.83937566
5,40.724865959274,-74.034231857464,25,0.87380914
5,40.724331333876,-74.034323005943,26,0.91105349
5,40.723688836898,-74.034439734779,27,0.95586243
5,40.72327230179,-74.03450576421,28,0.98484779
5,40.722873073524,-74.034586598534,29,1.01275342
5,40.722393165493,-74.034675721218,30,1.04623707
5,40.721988671118,-74.034743983784,31,1.07441124
5,40.72140720736,-74.034845505279,32,1.11493473
5,40.720897095576,-74.034940039009,33,1.15052427
5,40.72031068996,-74.035045899128,34,1.19141645
5,40.719534375323,-74.035177441456,35,1.24549252
5,40.718679005954,-74.035343899128,36,1.30522931
5,40.71812605775,-74.035452581337,37,1.34385409
5,40.717828074739,-74.035519348202,38,1.36473657
5,40.717527200358,-74.035463021812,39,1.38573221
5,40.71736982363,-74.03532059259,40,1.3989174
5,40.717212054407,-74.034603224537,41,1.43803251
5,40.717155823793,-74.034253169312,42,1.45677068
5,40.717095527253,-74.033903665012,43,1.47554086
5,40.71697752731,-74.033046915344,44,1.52114019
5,40.716893472665,-74.032394528767,45,1.55579327
5,40.716877208991,-74.032391846558,46,1.55692791
5,40.716667261351,-74.030415104446,47,1.66145396
5,40.716446271484,-74.028662063416,48,1.75451557
5,40.716109668603,-74.026014707596,49,1.89508593
5,40.715777026411,-74.023136244797,50,2.04756424
5,40.715346207079,-74.019836806282,51,2.2228919
5,40.715083200391,-74.018382519566,52,2.30118712
5,40.714706343321,-74.016981877029,53,2.37901988
5,40.7140921495,-74.015337862488,54,2.47500368
5,40.713560975348,-74.014089013275,55,2.54999722
5,40.713147815931,-74.013268703735,56,2.60157517
5,40.712918508982,-74.012677140228,57,2.63637083
5,40.712726094287,-74.012126355503,58,2.66813116
5,40.712720723244,-74.01195108004,59,2.67731784
6,40.749114,-73.988273,0,0
6,40.747609531294,-73.98938738623,1,0.11919115
6,40.745953428053,-73.990544878296,2,0.24866188
6,40.744652691968,-73.991536875641,3,0.35245222
6,40.743303108639,-73.992516317444,4,0.45886036
6,40.7429,-73.992805,5,0.49054666
6,40.742912,-73.992797,6,0.49147746
6,40.742373088497,-73.993207493393,7,0.5344664
6,40.739914186254,-73.994975306885,8,0.72792118
6,40.738889921445,-73.995715596573,9,0.80860384
6,40.737975823747,-73.996414320099,10,0.88158655
6,40.737354,-73.996849,11,0.93020268
6,40.737361,-73.996841,13,0.93084345
6,40.736202622701,-73.997659249985,14,1.02161832
6,40.735126148858,-73.99848045369,15,1.10752335
6,40.734544587943,-73.99889425264,16,1.15317122
6,40.734359599612,-73.999038114086,17,1.16800601
6,40.734249,-73.999107,18,1.17645581
6,40.734096041009,-73.999482476196,20,1.19877373
6,40.733917817063,-74.00069030423,21,1.26319463
6,40.733818495684,-74.001435347221,22,1.30279883
6,40.733714009819,-74.002191152115,23,1.34302059
6,40.733615,-74.002822,24,1.37674839
6,40.73336,-74.004241,25,1.45309802
6,40.733139,-74.005828,26,1.53757419
6,40.733055,-74.006408,27,1.56848884
6,40.732933,-74.007072,28,1.60425889
6,40.732920915936,-74.007307422615,30,1.61661245
6,40.73278479572,-74.007527057865,31,1.6314674
6,40.732616155573,-74.007607218246,32,1.64385148
6,40.731713464696,-74.007847591263,33,1.70747543
6,40.731293276493,-74.007965769173,34,1.73715825
6,40.73114538709,-74.008180506607,35,1.75235018
6,40.731103391867,-74.008376515205,36,1.76301464
6,40.731160302541,-74.009111440475,37,1.801692
6,40.731283491409,-74.010190715622,38,1.85883476
6,40.731414722249,-74.01162931485,39,1.93469613
6,40.731471805358,-74.012705505341,40,1.99117768
6,40.731519367557,-74.013691915405,41,2.04292538
6,40.73160866773,-74.015143427322,42,2.11916882
6,40.731665535523,-74.016552566223,43,2.19304829
6,40.731842590694,-74.020460846619,44,2.39802979
6,40.732093638614,-74.02573631485,45,2.67476762
6,40.732272406985,-74.029048886261,46,2.84863387
6,40.732177545452,-74.030790777771,47,2.94006433
6,40.731948732776,-74.031796236771,48,2.99502696
6,40.731420520339,-74.032512078018,49,3.04733749
6,40.730812028762,-74.032909722198,50,3.09425054
6,40.729828281016,-74.033317739395,51,3.16549568
6,40.728909409385,-74.033529648102,52,3.22994272
6,40.727903999055,-74.033693275085,53,3.29993279
6,40.727380379276,-74.033752477463,54,3.33624219
6,40.727014515384,-74.033827165329,55,3.36182048
6,40.726957735152,-74.033853185181,56,3.36597354
6,40.726446935256,-74.033904642853,57,3.40136739
6,40.725837224379,-74.034018100525,58,3.44390912
6,40.725192076194,-74.034152532402,59,3.48903477
6,40.724265206351,-74.034341990074,60,3.55383599
6,40.723556074991,-74.034461869698,61,3.60323031
6,40.722921860138,-74.03457050528,62,3.64741587
6,40.721937818752,-74.034758869698,63,3.71611504
6,40.721129925323,-74.034866191124,64,3.77221459
6,40.720020231466,-74.035115750649,65,3.84998903
6,40.719156736781,-74.03525538623,66,3.91009426
6,40.718494015492,-74.035377479485,67,3.95632587
6,40.717788004038,-74.03555167889,68,4.00594987
6,40.717717195823,-74.035568936599,69,4.01092512
6,40.71764232166,-74.035631791862,70,4.01705638
6,40.717563725967,-74.035872837374,71,4.03079737
6,40.71754713485,-74.036049509871,72,4.04011959
6,40.717548840181,-74.036228864576,73,4.04951246
6,40.717559185502,-74.036387432162,74,4.05784679
6,40.717616288386,-74.036688156825,75,4.07408104
6,40.717748790406,-74.037125991402,76,4.09876858
6,40.717911424834,-74.037624882278,77,4.12720721
6,40.718288119192,-74.038763262566,78,4.19225247
6,40.718732591583,-74.040144005943,79,4.27080613
6,40.719178394675,-74.041478041664,80,4.34715118
6,40.719496248755,-74.042529869381,81,4.40644598
6,40.719635208538,-74.042465898148,82,4.4166144
6,40.719643340038,-74.042465898148,83,4.417174
6,40.719500868483,-74.042603219574,84,4.42936425
6,40.720358891316,-74.045323847885,85,4.58366844
6,40.720757445062,-74.04663735582,86,4.65775538
6,40.721066373677,-74.047581816147,87,4.71161946
6,40.721352192974,-74.048406428589,88,4.75909982
6,40.721718144561,-74.049577378326,89,4.82542223
6,40.721944571471,-74.050344395523,90,4.86852417
6,40.72207355878,-74.051131648163,91,4.91069876
6,40.722343087319,-74.052003445786,92,4.95999997
6,40.722677830594,-74.053157277802,93,5.02469199
6,40.722916549002,-74.053750447113,94,5.05985876
6,40.723392271158,-74.054385600555,95,5.10661707
6,40.724159284557,-74.055302431244,96,5.17812111
6,40.724623962188,-74.05572121167,97,5.21699937
6,40.725664738473,-74.056394076752,98,5.29707354
6,40.726294875362,-74.056513025162,99,5.3410529
6,40.726950783661,-74.056949244736,100,5.39179994
6,40.727874041974,-74.057978921982,101,5.47531866
6,40.728628913692,-74.058836584686,102,5.54414085
6,40.72945417953,-74.05970780426,103,5.61715903
6,40.730354073776,-74.060789586014,104,5.70126256
6,40.731188903129,-74.061807636276,105,5.77979739
6,40.732040202666,-74.062827583359,106,5.85923796
6,40.732397751768,-74.063279990768,107,5.89346133
6,40.73258209059,-74.063505363785,108,5.91082302
6,40.732986,-74.062889,109,5.95348485
7,40.712714623985,-74.011943033413,0,0
7,40.71268981569,-74.012090635929,1,0.00791748
7,40.713209872761,-74.013327215305,2,0.0819764
7,40.714280659411,-74.01573421698,3,0.22813427
7,40.714802386951,-74.017341966995,4,0.31972076
7,40.715135549285,-74.018694411453,5,0.39419182
7,40.715357998634,-74.020119228928,6,0.4703724
7,40.715634300051,-74.022104030533,7,0.57604961
7,40.716003447409,-74.025095703796,8,0.73477719
7,40.716386580421,-74.028229633499,9,0.90101203
7,40.71688127491,-74.032370388886,10,1.12052569
7,40.7169016045,-74.032391846558,11,1.12232456
7,40.716945,-74.033004,12,1.15452056
7,40.717119922682,-74.033986813492,13,1.2073866
7,40.717202581648,-74.034467746033,14,1.23321048
7,40.717272988535,-74.035012186508,15,1.26213257
7,40.717375922463,-74.035384965607,16,1.28290864
7,40.717611743575,-74.035492253967,17,1.3001429
7,40.718082,-74.035484,18,1.33263576
7,40.719394,-74.035209,19,1.42441851
7,40.7201,-74.035072,20,1.47372075
7,40.720528233805,-74.035004253967,21,1.5035194
7,40.721784565541,-74.034764202377,22,1.59122477
7,40.722922951238,-74.034566234116,23,1.67055602
7,40.723825537066,-74.034388403427,24,1.73360704
7,40.7245899032,-74.034266403427,25,1.78680207
7,40.725397702786,-74.034123589935,26,1.84311164
7,40.726419667921,-74.033936861099,27,1.91439291
7,40.726965655847,-74.033852318771,28,1.95237404
7,40.727039041165,-74.033863914017,29,1.95747975
7,40.727662524409,-74.033734269836,30,2.00108771
7,40.72832913315,-74.03363889682,31,2.04741364
7,40.729200561025,-74.033466048935,32,2.10829697
7,40.729875243665,-74.033264641525,33,2.15608863
7,40.730673439805,-74.033015403427,34,2.21275881
7,40.730960955552,-74.03279838623,35,2.23564311
7,40.731269944558,-74.032603724854,36,2.25929912
7,40.731615418036,-74.032247232788,37,2.28959863
7,40.731877354984,-74.031910944428,38,2.31484709
7,40.732107909864,-74.031301519821,39,2.35050842
7,40.732225723646,-74.030686349182,40,2.38372791
7,40.732243050149,-74.03011527774,41,2.41364985
7,40.732355459037,-74.029802279068,42,2.43178379
7,40.732549037903,-74.029598111084,43,2.44890482
7,40.732722356588,-74.029491689133,44,2.46211217
7,40.73377917851,-74.029406148132,45,2.53526522
7,40.734957011948,-74.02939538623,46,2.61664368
7,40.735684430695,-74.029379421951,47,2.666908
7,40.735794179395,-74.029304320099,48,2.67544913
7,40.735858,-74.02922,49,2.68168841
8,40.749114,-73.988273,0,0
8,40.747609531294,-73.98938738623,1,0.11919115
8,40.745953428053,-73.990544878296,2,0.24866188
8,40.744652691968,-73.991536875641,3,0.35245222
8,40.743303108639,-73.992516317444,4,0.45886036
8,40.7429,-73.992805,5,0.49054666
8,40.742912,-73.992797,6,0.49147746
8,40.742373088497,-73.993207493393,7,0.5344664
8,40.739914186254,-73.994975306885,8,0.72792118
8,40.738889921445,-73.995715596573,9,0.80860384
8,40.737975823747,-73.996414320099,10,0.88158655
8,40.737354,-73.996849,11,0.93020268
8,40.737361,-73.996841,13,0.93084345
8,40.736202622701,-73.997659249985,14,1.02161832
8,40.735126148858,-73.99848045369,15,1.10752335
8,40.734544587943,-73.99889425264,16,1.15317122
8,40.734359599612,-73.999038114086,17,1.16800601
8,40.734249,-73.999107,18,1.17645581
8,40.734096041009,-73.999482476196,20,1.19877373
8,40.733917817063,-74.00069030423,21,1.26319463
8,40.733818495684,-74.001435347221,22,1.30279883
8,40.733714009819,-74.002191152115,23,1.34302059
8,40.733615,-74.002822,24,1.37674839
8,40.73336,-74.004241,25,1.45309802
8,40.733139,-74.005828,26,1.53757419
8,40.733055,-74.006408,27,1.56848884
8,40.732933,-74.007072,28,1.60425889
8,40.73308746747,-74.007129667494,29,1.6153499
8,40.732852,-74.008970392868,30,1.71308195
8,40.732693389721,-74.01010167263,31,1.77331391
8,40.732595830783,-74.010796364765,32,1.81030309
8,40.732538921336,-74.012307789545,33,1.88952967
8,40.732538921336,-74.013819214325,34,1.96865864
8,40.732356404521,-74.026992769806,35,2.65846195
8,40.732338971466,-74.028620501297,36,2.74368881
8,40.732519468235,-74.029181869003,37,2.7756149
8,40.732688786023,-74.029480413986,38,2.79513762
8,40.733053091233,-74.029469365051,39,2.82031404
8,40.733844273609,-74.02941658728,40,2.87504662
8,40.735022048948,-74.029384657394,41,2.95643629
8,40.735359248297,-74.029411608459,42,2.979776
8,40.735643782982,-74.029400879623,43,2.99944256
8,40.735858,-74.02922,44,3.01701283
8,40.73572242756,-74.029348296959,46,3.02853876
8,40.735586854844,-74.029390763229,47,3.03816579
8,40.735249760075,-74.029387068787,48,3.06145641
8,40.733534287751,-74.029407914017,49,3.1799834
8,40.732958046165,-74.029483048935,50,3.21998979
8,40.732722356588,-74.029502417969,51,3.23630527
8,40.732516518203,-74.029641026428,52,3.2522711
8,40.732339199141,-74.029888109756,53,3.27008739
8,40.732243050149,-74.030093820068,54,3.28274108
8,40.732201210325,-74.030670797562,55,3.3130862
8,40.732006486851,-74.031624637543,56,3.36480424
8,40.731798908521,-74.032016545284,57,3.38983777
8,40.73152628919,-74.032365537682,58,3.41607906
8,40.731123587311,-74.032735987751,59,3.44999456
8,40.7307046227,-74.032956234116,60,3.48115305
8,40.729896276221,-74.033286692451,61,3.53962024
8,40.729264450602,-74.033457286038,62,3.58417743
8,40.728460711967,-74.033596227011,63,3.64018215
8,40.727022779971,-74.033831727509,64,3.74029113
8,40.726957735152,-74.033853185181,65,3.74492341
8,40.726446935256,-74.033904642853,66,3.78031727
8,40.725837224379,-74.034018100525,67,3.822859
8,40.725192076194,-74.034152532402,68,3.86798465
8,40.724265206351,-74.034341990074,69,3.93278586
8,40.723556074991,-74.034461869698,70,3.98218018
8,40.722921860138,-74.03457050528,71,4.02636575
8,40.721937818752,-74.034758869698,72,4.09506492
8,40.721129925323,-74.034866191124,73,4.15116446
8,40.720020231466,-74.035115750649,74,4.22893891
8,40.719156736781,-74.03525538623,75,4.28904414
8,40.718494015492,-74.035377479485,76,4.33527575
8,40.717788004038,-74.03555167889,77,4.38489974
8,40.717717195823,-74.035568936599,78,4.38987499
8,40.71764232166,-74.035631791862,79,4.39600626
8,40.717563725967,-74.035872837374,80,4.40974724
8,40.71754713485,-74.036049509871,81,4.41906946
8,40.717548840181,-74.036228864576,82,4.42846233
8,40.717559185502,-74.036387432162,83,4.43679667
8,40.717616288386,-74.036688156825,84,4.45303091
8,40.717748790406,-74.037125991402,85,4.47771845
8,40.717911424834,-74.037624882278,86,4.50615709
8,40.718288119192,-74.038763262566,87,4.57120234
8,40.718732591583,-74.040144005943,88,4.649756
8,40.719178394675,-74.041478041664,89,4.72610106
8,40.719496248755,-74.042529869381,90,4.78539586
8,40.719635208538,-74.042465898148,91,4.79556427
8,40.719643340038,-74.042465898148,92,4.79612387
8,40.719500868483,-74.042603219574,93,4.80831412
8,40.720358891316,-74.045323847885,94,4.96261831
8,40.720757445062,-74.04663735582,95,5.03670525
8,40.721066373677,-74.047581816147,96,5.09056934
8,40.721352192974,-74.048406428589,97,5.13804969
8,40.721718144561,-74.049577378326,98,5.20437211
8,40.721944571471,-74.050344395523,99,5.24747405
8,40.72207355878,-74.051131648163,100,5.28964863
8,40.722343087319,-74.052003445786,101,5.33894985
8,40.722677830594,-74.053157277802,102,5.40364186
8,40.722916549002,-74.053750447113,103,5.43880864
8,40.723392271158,-74.054385600555,104,5.48556694
8,40.724159284557,-74.055302431244,105,5.55707099
8,40.724623962188,-74.05572121167,106,5.59594925
8,40.725664738473,-74.056394076752,107,5.67602342
8,40.726294875362,-74.056513025162,108,5.72000277
8,40.726950783661,-74.056949244736,109,5.77074982
8,40.727874041974,-74.057978921982,110,5.85426854
8,40.728628913692,-74.058836584686,111,5.92309073
8,40.72945417953,-74.05970780426,112,5.9961089
8,40.730354073776,-74.060789586014,113,6.08021243
8,40.731188903129,-74.061807636276,114,6.15874727
8,40.732040202666,-74.062827583359,115,6.23818784
8,40.732397751768,-74.063279990768,116,6.2724112
8,40.73258209059,-74.063505363785,117,6.2897729
8,40.732986,-74.062889,118,6.33243473
9,40.749114,-73.988273,0,0
9,40.747609531294,-73.98938738623,1,0.11919115
9,40.745953428053,-73.990544878296,2,0.24866188
9,40.744652691968,-73.991536875641,3,0.35245222
9,40.743303108639,-73.992516317444,4,0.45886036
9,40.7429,-73.992805,5,0.49054666
9,40.742912,-73.992797,6,0.49147746
9,40.742373088497,-73.993207493393,7,0.5344664
9,40.739914186254,-73.994975306885,8,0.72792118
9,40.738889921445,-73.995715596573,9,0.80860384
9,40.737975823747,-73.996414320099,10,0.88158655
9,40.737354,-73.996849,11,0.93020268
9,40.737361,-73.996841,13,0.93084345
9,40.736202622701,-73.997659249985,14,1.02161832
9,40.735126148858,-73.99848045369,15,1.10752335
9,40.734544587943,-73.99889425264,16,1.15317122
9,40.734359599612,-73.999038114086,17,1.16800601
9,40.734249,-73.999107,18,1.17645581
9,40.734096041009,-73.999482476196,20,1.19877373
9,40.733917817063,-74.00069030423,21,1.26319463
9,40.733818495684,-74.001435347221,22,1.30279883
9,40.733714009819,-74.002191152115,23,1.34302059
9,40.733615,-74.002822,24,1.37674839
9,40.73336,-74.004241,25,1.45309802
9,40.733139,-74.005828,26,1.53757419
9,40.733055,-74.006408,27,1.56848884
9,40.732933,-74.007072,28,1.60425889
9,40.733083701353,-74.007098210976,30,1.61476093
9,40.732872247403,-74.008653279762,31,1.69747473
9,40.732745969897,-74.009628578049,32,1.74927519
9,40.732581881163,-74.011002029778,33,1.82206881
9,40.732509248135,-74.014345410065,34,1.99717973
9,40.732386317208,-74.022324544983,35,2.41500551
9,40.732337446609,-74.027332272491,36,2.67720205
9,40.732314581615,-74.028609772461,37,2.74410302
9,40.732444900152,-74.029046663971,38,2.76868435
9,40.732629278578,-74.029373863693,39,2.79003202
9,40.732753822103,-74.029493744705,40,2.80068244
9,40.733757779375,-74.029407079029,41,2.87019407
9,40.734761721497,-74.029406244041,42,2.93955647
9,40.735172267698,-74.029395515205,43,2.96792669
9,40.735609944705,-74.029379799599,44,2.99817701
9,40.735730567744,-74.029347990738,45,3.00667568
9,40.735858,-74.02922,46,3.01773967
10,40.774799506958,-73.884480893612,0,0
10,40.774509046207,-73.884424567223,1,0.0202832
10,40.774460297425,-73.884303867817,2,0.02744061
10,40.774372955768,-73.883973956108,3,0.04572627
10,40.774370924566,-73.883850574493,4,0.05218315
10,40.774350612535,-73.883775472641,5,0.05635584
10,40.774299832432,-73.883719146252,6,0.0609379
10,40.774242958671,-73.883700370789,7,0.06498874
10,40.77414749189,-73.883719146252,8,0.07165769
10,40.774088586787,-73.883796930313,9,0.0774131
10,40.773950464272,-73.884982466698,10,0.14017162
10,40.773822497567,-73.886170685291,11,0.20296634
10,40.773779841944,-73.886227011681,12,0.20713403
10,40.773729061405,-73.886251151562,13,0.21086284
10,40.773680312051,-73.886272609234,14,0.21441287
10,40.773631562661,-73.886275291443,15,0.21778393
10,40.773266956714,-73.886201530695,16,0.24326846
10,40.77327,-73.8862,17,0.24349691
10,40.77316,-73.88618,18,0.25116843
10,40.77312,-73.88615,19,0.25434663
10,40.77301,-73.88613,20,0.26201814
10,40.77291,-73.8861,21,0.26910324
10,40.77282,-73.88605,22,0.27584948
10,40.77268,-73.88602,23,0.28564882
10,40.77237,-73.88596,24,0.30729568
10,40.77198,-73.88589,25,0.3344886
10,40.77187,-73.88587,26,0.34216012
10,40.77181,-73.88587,27,0.34630562
10,40.77173,-73.88584,28,0.35205165
10,40.77167,-73.88578,29,0.35725157
10,40.77155,-73.88561,30,0.3694111
10,40.77153,-73.88558,31,0.37150161
10,40.77152,-73.88556,32,0.37275708
10,40.77149,-73.88553,33,0.37535721
10,40.77146,-73.88549,34,0.37830244
10,40.77143,-73.88547,35,0.38062327
10,40.77138,-73.88545,36,0.38423307
10,40.77132,-73.88539,37,0.38943332
10,40.77123,-73.88537,38,0.39573917
10,40.7711,-73.88535,39,0.40478173
10,40.77107,-73.88535,40,0.40685554
10,40.77086,-73.88531,42,0.42151466
10,40.77072,-73.88528,43,0.43131382
10,40.77014,-73.88517,44,0.47179728
10,40.76999,-73.88515,45,0.4822135
10,40.76993,-73.88515,46,0.48635942
10,40.76986,-73.88517,47,0.49130802
10,40.76976,-73.88526,48,0.49966924
10,40.76946,-73.8855,49,0.52390373
10,40.76935,-73.88559,50,0.53284453
10,40.769296786414,-73.885631561279,51,0.53711611
10,40.76927,-73.88566,52,0.53949177
10,40.76877,-73.88607,53,0.58015626
10,40.76873,-73.88614,54,0.58474477
10,40.76871,-73.88619,55,0.58770355
10,40.7686,-73.88611,56,0.59637989
10,40.7685,-73.88599,57,0.60571591
10,40.76845,-73.88593,58,0.61038411
10,40.76841,-73.88585,59,0.6154001
10,40.76827,-73.88555,60,0.63383849
10,40.76819,-73.8854,61,0.6434382
10,40.7681,-73.88524,62,0.6538671
10,40.76806,-73.8851,63,0.66169642
10,40.76804,-73.88497,64,0.66863739
10,40.76805,-73.88486,65,0.67443496
10,40.76813,-73.88461,66,0.68863607
10,40.76826,-73.88429,67,0.70763709
10,40.76839,-73.88397,68,0.72663812
10,40.76857,-73.88356,69,0.7514355
10,40.76875,-73.88315,70,0.77623287
10,40.76892,-73.8828,71,0.79798948
10,40.76909,-73.88245,72,0.81974609
10,40.76931,-73.88202,73,0.84689893
10,40.76957,-73.88159,74,0.87569001
10,40.76986,-73.88117,75,0.90542905
10,40.77004,-73.88094,76,0.92273494
10,40.7702,-73.88074,77,0.93795719
10,40.7703,-73.8806,78,0.94802691
10,40.77051,-73.88026,79,0.97098333
10,40.77054,-73.88021,80,0.97432067
10,40.77068,-73.87997,81,0.99017178
10,40.77073,-73.87987,82,0.99644165
10,40.77103,-73.87937,83,1.02981909
10,40.77131,-73.87877,84,1.06669493
10,40.77146,-73.87839,85,1.08911659
10,40.771590149846,-73.878161609173,86,1.10407191
10,40.771722183418,-73.877987265587,87,1.11697273
10,40.771915155089,-73.877802193165,88,1.13345098
10,40.77209796984,-73.877627849579,89,1.1490312
10,40.772250315081,-73.877477645874,90,1.16216695
10,40.772475785397,-73.877246975899,91,1.1818731
10,40.772644379818,-73.877056539059,92,1.19720161
10,40.772792661304,-73.876882195473,93,1.21091915
10,40.772756098777,-73.876774907112,94,1.21707477
10,40.772733755,-73.876675665379,95,1.22249165
10,40.772713442469,-73.876579105854,96,1.22773521
10,40.77265656735,-73.876471817493,97,1.23458738
10,40.772471722875,-73.876348435879,98,1.2488971
10,40.772339690793,-73.876217007637,99,1.26032084
10,40.772238127474,-73.876066803932,100,1.27085663
10,40.772341722058,-73.875235319138,101,1.31494696
10,40.772380316077,-73.874951004982,102,1.33006013
10,40.772406722498,-73.874664008617,103,1.34518687
10,40.772422972599,-73.874414563179,104,1.35828668
10,40.772418910074,-73.874149024487,105,1.37218315
10,40.772382347341,-73.873870074749,106,1.38699552
10,40.772341722058,-73.873548209667,107,1.40406863
10,40.77231125308,-73.873288035393,108,1.4178435
10,40.772274690287,-73.872966170311,109,1.43487274
10,40.772197502103,-73.872617483139,110,1.45388045
10,40.772160939248,-73.872327804565,111,1.46924636
10,40.772144689084,-73.872027397156,112,1.48500457
10,40.77212,-73.87175,113,1.49961864
10,40.77211,-73.87162,114,1.50645556
10,40.7721,-73.8715,115,1.51277216
10,40.7721,-73.87144,116,1.51591236
10,40.7721,-73.87122,117,1.52742349
10,40.77209,-73.87096,118,1.54104507
10,40.77209,-73.87073,119,1.55307933
10,40.77208,-73.87062,120,1.558876
10,40.77207,-73.87053,121,1.56363536
10,40.77203,-73.87037,122,1.57245134
10,40.77198,-73.8702,123,1.5819936
10,40.77171,-73.86959,124,1.61896226
10,40.77141,-73.86901,125,1.65571249
10,40.77105,-73.86832,126,1.69955396
10,40.77017,-73.86681,127,1.79924844
10,40.76984,-73.86623,128,1.8372068
10,40.76959,-73.86583,129,1.86434348
10,40.76943,-73.86556,130,1.882282
10,40.76937,-73.86544,131,1.88980582
10,40.7692,-73.86521,132,1.90662204
10,40.76901,-73.86502,133,1.92308888
10,40.76853,-73.86467,134,1.96097282
10,40.76829,-73.86446,135,1.9808649
10,40.76805,-73.86422,136,2.00166524
10,40.76767,-73.86384,137,2.03459934
10,40.76748,-73.86364,138,2.0513875
10,40.76732,-73.86348,139,2.06525452
10,40.76725,-73.86337,140,2.07277256
10,40.76718,-73.86322,141,2.08199194
10,40.76713,-73.86305,142,2.09153457
10,40.76712,-73.86288,143,2.10045667
10,40.76711,-73.86278,144,2.10573462
10,40.76711,-73.86267,145,2.11149094
10,40.76715,-73.86225,146,2.13364133
10,40.7672,-73.86183,147,2.15588843
10,40.76722,-73.86172,148,2.16180776
10,40.76724,-73.86161,149,2.16772739
10,40.76727,-73.86152,150,2.17287316
10,40.76728,-73.86148,151,2.17507789
10,40.76732,-73.86138,152,2.18099546
10,40.76741,-73.86124,153,2.1906044
10,40.7675,-73.8611,154,2.20021335
10,40.76754,-73.86104,155,2.20439603
10,40.76759,-73.86098,156,2.20906386
10,40.76763,-73.86096,157,2.21201911
10,40.76767,-73.86094,158,2.21497437
10,40.76772,-73.86095,159,2.21846908
10,40.76777,-73.86097,160,2.2220784
10,40.76785,-73.86095,161,2.22770357
10,40.76786,-73.86094,162,2.2285705
10,40.76804,-73.86074,163,2.24482413
10,40.76811,-73.86066,164,2.25122064
10,40.76819,-73.86057,165,2.2584823
10,40.76831,-73.86055,166,2.26683894
10,40.76839,-73.86045,167,2.27445012
10,40.76849,-73.86033,168,2.28378577
10,40.76851,-73.86028,169,2.28674396
10,40.76851,-73.86022,170,2.28988361
10,40.7685,-73.86017,171,2.29258932
10,40.76848,-73.86012,172,2.29554811
10,40.76843,-73.86007,173,2.29988156
10,40.76837,-73.86006,174,2.30406009
10,40.76831,-73.86006,175,2.30820601
10,40.76826,-73.8601,176,2.31224481
10,40.76804,-73.86035,177,2.33229864
10,40.76788,-73.86054,178,2.34716611
10,40.76777,-73.86073,179,2.35968002
10,40.767770203458,-73.860737979412,180,2.36009293
10,40.767770203458,-73.860815763473,181,2.36416305
10,40.767781376182,-73.860882818699,182,2.36775595
10,40.767795596009,-73.860924392939,183,2.37014329
10,40.767816925745,-73.860953897238,184,2.37227746
10,40.767829114163,-73.860986083746,185,2.37415951
10,40.767833176968,-73.861023634672,186,2.37614415
10,40.767854506692,-73.861142992973,187,2.38256103
10,40.767894119018,-73.861247599125,188,2.38868065
10,40.767986547686,-73.861393779516,189,2.39864495
10,40.768323758882,-73.861889988184,190,2.43352979
10,40.768323504959,-73.86188596487,191,2.4337505
10,40.768515724732,-73.862155526876,192,2.45312383
10,40.768669347797,-73.862371779978,193,2.46863815
10,40.768669347797,-73.862370103598,194,2.46872157
10,40.768775741084,-73.862553834915,195,2.48082358
10,40.768810274429,-73.86262357235,196,2.48518385
10,40.768823478351,-73.862690627575,197,2.48880905
10,40.768825509723,-73.862822055817,198,2.49568732
10,40.768813321488,-73.862949460745,199,2.50240669
10,40.768799101878,-73.863041996956,200,2.50734755
10,40.768804180311,-73.863080888987,201,2.5094121
10,40.768815352861,-73.863119781017,202,2.51158904
10,40.768882388122,-73.863213658333,203,2.51834044
10,40.7689758311,-73.863326311111,204,2.52708269
10,40.76907536804,-73.863440304995,205,2.53618586
10,40.769236861331,-73.863615989685,206,2.55064266
10,40.769307958882,-73.863699138165,207,2.55720431
10,40.76942,-73.86381,208,2.5668775
10,40.76958,-73.86388,209,2.57852295
10,40.76968,-73.86393,210,2.58591074
10,40.76977,-73.86401,211,2.59340652
10,40.76982,-73.86409,212,2.59883399
10,40.7702,-73.86462,213,2.63702228
10,40.771140218089,-73.865918666124,215,2.73102832
10,40.771188969307,-73.865995109081,216,2.73625759
10,40.771464209887,-73.866362571716,217,2.76330006
10,40.771469288116,-73.866410851479,218,2.76584951
10,40.77146116295,-73.866451084614,219,2.76802805
10,40.771419521457,-73.866516798735,220,2.77251186
10,40.77134233228,-73.86666432023,221,2.78189379
10,40.771145296342,-73.866990208626,222,2.80371301
10,40.770633406434,-73.867585659027,223,2.85084575
10,40.770363240726,-73.867896795273,224,2.8756135
10,40.769999632512,-73.868293762207,225,2.90821001
10,40.769715244813,-73.868744373322,226,2.93890168
10,40.769625865571,-73.869028687477,227,2.95500919
10,40.769613677483,-73.869280815125,228,2.96822865
10,40.769719307503,-73.869645595551,229,2.98866327
10,40.769963068447,-73.870101571083,230,3.01786725
10,40.770682158024,-73.871249556541,231,3.09581841
10,40.770787786345,-73.871439993382,232,3.10816944
10,40.770871070096,-73.871627748013,233,3.11955443
10,40.77095638505,-73.871925473213,234,3.13621036
10,40.77101935554,-73.872295618057,235,3.15606041
10,40.771025449456,-73.872582614422,236,3.17108306
10,40.770999042485,-73.872853517532,237,3.18537465
10,40.770901539735,-73.873229026794,238,3.20614544
10,40.770637469068,-73.87408465147,239,3.25448985
10,40.770539965787,-73.87465596199,240,3.28513268
10,40.770489182771,-73.875125348568,241,3.30994225
10,40.770430274425,-73.875632286072,242,3.33677775
10,40.770462775588,-73.87582808733,243,3.34726603
10,40.770525746546,-73.875932693481,244,3.35425795
10,40.770684189339,-73.875948786736,245,3.36523718
10,40.770893414499,-73.875924646854,246,3.37974755
10,40.771088419881,-73.875916600227,247,3.39322714
10,40.771527179896,-73.876002430916,248,3.42387189
10,40.772051250562,-73.876152634621,249,3.460923
10,40.771943592972,-73.876683712006,250,3.48968882
10,40.771866404404,-73.877002894878,251,3.50722023
10,40.771805465997,-73.877169191837,252,3.5168864
10,40.771699839293,-73.877418637276,253,3.53183998
10,40.771982187223,-73.877729773521,254,3.5572478
10,40.77183,-73.87788,255,3.5703756
10,40.77169,-73.87803,256,3.58283183
10,40.77157,-73.8782,257,3.59499149
10,40.77146,-73.87839,258,3.60750513
10,40.77131,-73.87877,259,3.62992679
10,40.77103,-73.87937,260,3.66680263
10,40.77073,-73.87987,261,3.70018007
10,40.77068,-73.87997,262,3.70644994
10,40.77054,-73.88021,263,3.72230105
10,40.77051,-73.88026,264,3.72563839
10,40.7703,-73.8806,265,3.7485948
10,40.7702,-73.88074,266,3.75866453
10,40.77004,-73.88094,267,3.77388678
10,40.76986,-73.88117,268,3.79119267
10,40.76957,-73.88159,269,3.8209317
10,40.76931,-73.88202,270,3.84972279
10,40.76909,-73.88245,271,3.87687562
10,40.76892,-73.8828,272,3.89863223
10,40.76875,-73.88315,273,3.92038884
10,40.76857,-73.88356,274,3.94518622
10,40.76839,-73.88397,275,3.96998359
10,40.76826,-73.88429,276,3.98898462
10,40.76813,-73.88461,277,4.00798565
10,40.76805,-73.88486,278,4.02218676
10,40.76804,-73.88497,279,4.02798433
10,40.76806,-73.8851,280,4.0349253
10,40.7681,-73.88524,281,4.04275462
10,40.76819,-73.8854,282,4.05318352
10,40.76827,-73.88555,283,4.06278323
10,40.76841,-73.88585,284,4.08122162
10,40.76845,-73.88593,285,4.08623761
10,40.7685,-73.88599,286,4.09090581
10,40.7686,-73.88611,287,4.10024183
10,40.76871,-73.88619,288,4.10891816
10,40.76884,-73.88631,289,4.11987678
10,40.76914,-73.88662,290,4.14619638
10,40.7692,-73.88667,291,4.15109836
10,40.76929,-73.88672,292,4.15784434
10,40.76939,-73.88676,293,4.16506347
10,40.7695,-73.88679,294,4.17282382
10,40.76951,-73.88679,295,4.17351677
10,40.76972,-73.88682,296,4.18811023
10,40.77021,-73.8869,297,4.22222214
10,40.77052,-73.88696,298,4.24386892
10,40.77059,-73.887,299,4.24913863
10,40.7709,-73.88713,300,4.27161075
10,40.77117,-73.88724,301,4.29113285
10,40.77162,-73.88743,302,4.32377411
10,40.77167,-73.88745,303,4.32738343
10,40.77175,-73.88749,304,4.33329335
10,40.77193,-73.88756,305,4.34625766
10,40.77195,-73.88756,306,4.34764104
10,40.77202,-73.88759,307,4.35272558
10,40.7721,-73.8876,308,4.35827791
10,40.77223,-73.8876,309,4.36725986
10,40.77232,-73.88761,310,4.37350025
10,40.77259,-73.88762,311,4.39216186
10,40.77281,-73.88765,312,4.40744251
10,40.77315,-73.88771,313,4.43114194
10,40.77331,-73.88772,314,4.44220877
10,40.77346,-73.88768,315,4.45278148
10,40.77359,-73.88757,316,4.46344903
10,40.77367,-73.88746,317,4.47142868
10,40.77371,-73.88732,318,4.47925777
10,40.77374,-73.88704,319,4.49405381
10,40.773816911713,-73.886191472411,320,4.5387669
10,40.77382808342,-73.886059373617,321,4.54572164
10,40.773815388298,-73.88599768281,322,4.54906627
10,40.773795583903,-73.885949403048,323,4.55193853
10,40.773781619262,-73.885907493532,324,4.55433461
10,40.773778826334,-73.885880000889,325,4.5557867
10,40.773781873165,-73.885850161314,326,4.55736288
10,40.773781873165,-73.88584882021,327,4.5574463
10,40.773792029268,-73.885787129402,328,4.56074959
10,40.773815388298,-73.88571202755,329,4.56499749
10,40.773846872196,-73.88567045331,330,4.56807388
10,40.773879371688,-73.88560205698,331,4.57229879
10,40.773896637037,-73.885477334261,332,4.57893242
10,40.77406,-73.88389,333,4.66274722
10,40.77408,-73.88382,334,4.66666177
10,40.7741,-73.88376,335,4.67009166
10,40.77416,-73.88372,336,4.67473557
10,40.774228740223,-73.883676230907,337,4.68000825
10,40.774307957251,-73.88366818428,338,4.68549724
10,40.774372955768,-73.88369768858,339,4.69024561
10,40.774419673413,-73.883735239506,340,4.69402402
10,40.774466391025,-73.883794248104,341,4.69849072
10,40.774539514178,-73.883898854256,342,4.70593901
10,40.774596387685,-73.883973956108,343,4.71149635
10,40.774659354726,-73.884041011333,344,4.71708521
10,40.774728415283,-73.884081244469,345,4.7223005
10,40.774795444578,-73.884102702141,346,4.7270657
10,40.77490715992,-73.884121477604,347,4.73484665
10,40.77497622022,-73.884134888649,348,4.73966955
10,40.775051373993,-73.884169757366,349,4.74517278
10,40.7751346524,-73.884175121784,350,4.75093302
10,40.775219961879,-73.88418585062,351,4.75685383
10,40.775270741278,-73.884218037128,352,4.76074564
10,40.775246367171,-73.884416520596,353,4.77126622
10,40.775217930702,-73.884494304657,354,4.7757852
10,40.775163088905,-73.884531855583,355,4.78005312
10,40.775081841715,-73.884531855583,356,4.78566652
10,40.774799760856,-73.884477205575,357,4.80536419
11,40.732986,-74.062889,0,0
11,40.732727272289,-74.063402824745,1,0.03229824
11,40.732167566503,-74.062772298286,2,0.08314187
11,40.731530620604,-74.062041483467,3,0.1414558
11,40.7307132912,-74.06111562635,4,0.2158765
11,40.72921990241,-74.059373379654,5,0.35359462
11,40.727974448233,-74.057942910728,6,0.4676718
11,40.727344297749,-74.057254081368,7,0.52420674
11,40.726739828339,-74.056691461655,8,0.57531344
11,40.725940326021,-74.056477910728,9,0.63167134
11,40.725407548839,-74.056307793007,10,0.66954329
11,40.724755627691,-74.055867750015,11,0.72013556
11,40.724235105447,-74.055457936523,12,0.76201358
11,40.723660480525,-74.05472130954,13,0.81736541
11,40.72313602273,-74.053990817474,14,0.87005292
11,40.722721306387,-74.053275037048,15,0.91723005
11,40.722451763522,-74.052416374344,16,0.96589525
11,40.722221390818,-74.051574645508,17,1.01275569
11,40.722038384402,-74.050918034393,18,1.04938851
11,40.721832187783,-74.049960084656,19,1.10153268
11,40.721489308981,-74.048849167984,20,1.16434175
11,40.721165217504,-74.047871493393,21,1.22021819
11,40.720709817871,-74.04638940741,22,1.30396022
11,40.720498360225,-74.045658882278,23,1.34490781
11,40.720246357732,-74.044931119049,24,1.38680493
11,40.720071567817,-74.044281609787,25,1.42289595
11,40.719800436315,-74.043471357147,26,1.46927522
11,40.719678463992,-74.043058296959,27,1.49248832
11,40.719525263031,-74.042581761902,28,1.5195937
11,40.719647405788,-74.04246053373,29,1.53015357
11,40.719545761968,-74.042433711639,30,1.5373156
11,40.719231249772,-74.041708711639,31,1.58105859
11,40.719131039338,-74.041410008598,32,1.59816387
11,40.719045657877,-74.041163245369,33,1.6123684
11,40.718691977911,-74.040037005943,34,1.67620549
11,40.718161885249,-74.038351036354,35,1.77178638
11,40.717655221287,-74.03681973674,36,1.85928127
11,40.717560329755,-74.03636254097,37,1.88410403
11,40.717555575666,-74.036080298904,38,1.89888737
11,40.717569462129,-74.035872122646,39,1.90983073
11,40.717635360539,-74.035674157202,40,1.92115289
11,40.717706935479,-74.03557249227,41,1.9284191
11,40.718410749169,-74.035403772114,42,1.97784174
11,40.71998907968,-74.035118379593,43,2.08790786
11,40.722377124567,-74.034647531708,44,2.25472984
11,40.723641427472,-74.034466912689,45,2.34259103
11,40.725505189569,-74.03408812632,46,2.4728768
11,40.726965865757,-74.033837091927,47,2.57464725
11,40.727039041165,-74.033863914017,48,2.57989413
11,40.727662524409,-74.033734269836,49,2.62350208
11,40.72832913315,-74.03363889682,50,2.66982801
11,40.729200561025,-74.033466048935,51,2.73071134
11,40.729875243665,-74.033264641525,52,2.778503
11,40.730673439805,-74.033015403427,53,2.83517318
11,40.730960955552,-74.03279838623,54,2.85805748
11,40.731269944558,-74.032603724854,55,2.88171349
11,40.731615418036,-74.032247232788,56,2.91201301
11,40.731877354984,-74.031910944428,57,2.93726147
11,40.732107909864,-74.031301519821,58,2.97292279
11,40.732225723646,-74.030686349182,59,3.00614229
11,40.732243050149,-74.03011527774,60,3.03606422
11,40.732355459037,-74.029802279068,61,3.05419816
11,40.732549037903,-74.029598111084,62,3.0713192
11,40.732722356588,-74.029491689133,63,3.08452654
11,40.73377917851,-74.029406148132,64,3.15767959
11,40.734957011948,-74.02939538623,65,3.23905806
11,40.735684430695,-74.029379421951,66,3.28932237
11,40.735794179395,-74.029304320099,67,3.29786351
11,40.735858,-74.02922,68,3.30410278
11,40.735777899042,-74.029304932541,70,3.31120187
11,40.735651891229,-74.029374669975,71,3.32064222
11,40.735235392038,-74.029386233799,72,3.34942448
11,40.734424601248,-74.029397797623,73,3.40544526
11,40.733377953681,-74.029438847191,74,3.47779005
11,40.732729655997,-74.029501354431,75,3.52270029
11,40.732545764811,-74.02922426712,76,3.54198397
11,40.73241824879,-74.02898521553,77,3.5572893
11,40.732324414817,-74.028616417908,78,3.57765673
11,40.732329708431,-74.028208433777,79,3.59901947
11,40.732364726031,-74.027006515778,80,3.66199125
11,40.732394808775,-74.02490546286,81,3.77200949
11,40.732414850006,-74.022607306763,82,3.89233515
11,40.732446967753,-74.021160915344,83,3.96809203
11,40.732494261795,-74.015701161407,84,4.25395045
11,40.732518828125,-74.013093732819,85,4.39047013
11,40.732507875122,-74.011486753998,86,4.47460518
11,40.732681448352,-74.010048835998,87,4.55083493
11,40.732759415183,-74.009475870392,88,4.58131163
11,40.732876210049,-74.00870477581,89,4.62247981
11,40.733083454509,-74.007113420971,90,4.70701439
11,40.732933,-74.007072,91,4.7176334
11,40.733063376705,-74.006347192451,93,4.75663417
11,40.733220598109,-74.005356156731,94,4.80964317
11,40.733402014426,-74.004219544289,95,4.87045436
11,40.73357840425,-74.003059255928,96,4.93240953
11,40.733764107205,-74.001874426567,97,4.99575192
11,40.733902421332,-74.00081586837,98,5.05198837
11,40.734010497257,-74.000053322754,99,5.09260209
11,40.734069,-73.999656,100,5.11379214
11,40.734150259457,-73.999223186508,101,5.13713618
11,40.734249,-73.999107,102,5.14627615
11,40.734783,-73.99871,104,5.18862166
11,40.735031,-73.998542,105,5.20788151
11,40.735389,-73.998275,106,5.23629217
11,40.73603,-73.997802,107,5.28703147
11,40.736667,-73.997337,108,5.33732561
11,40.737354,-73.996849,109,5.39122886
11,40.737361,-73.996841,111,5.39186963
11,40.738044,-73.996337,112,5.44593334
11,40.738685,-73.995872,113,5.4964691
11,40.739273,-73.995445,114,5.54283764
11,40.73986,-73.995018,115,5.58914557
11,40.74044,-73.99459,116,5.63505594
11,40.741031,-73.994163,117,5.68160594
11,40.741615,-73.993736,118,5.72773214
11,40.742233,-73.993293,119,5.7763206
11,40.7429,-73.992805,120,5.82901016
11,40.742912,-73.992797,121,5.82994096
11,40.743568,-73.992317,123,5.88176264
11,40.744186,-73.991874,124,5.93035074
11,40.7448,-73.991416,125,5.97907762
11,40.745422,-73.990966,126,6.02808368
11,40.746036,-73.990516,127,6.07660565
11,40.746658,-73.990066,128,6.1256115
11,40.747276,-73.989616,129,6.17437506
11,40.747894,-73.989158,130,6.22334213
11,40.748504,-73.988708,131,6.27162222
11,40.749037136642,-73.988332652779,132,6.31336838
11,40.749114,-73.988273,133,6.31952881
12,40.7702,-73.86462,0,0
12,40.77118,-73.86597,1,0.09784693
12,40.7712,-73.866,2,0.09993744
12,40.771434756152,-73.866333067417,3,0.12374439
12,40.771562727456,-73.866499364376,4,0.13614939
12,40.771490616672,-73.866514116526,5,0.14119064
12,40.771423584043,-73.866570442915,6,0.14667994
12,40.771321003676,-73.866688460112,7,0.15608003
12,40.77123670484,-73.866807818413,8,0.16461954
12,40.77113,-73.86702,9,0.17794648
12,40.7699,-73.86843,10,0.29048422
12,40.7698,-73.86858,11,0.30094044
12,40.76976,-73.86866,12,0.30595644
12,40.76968,-73.86886,13,0.31779113
12,40.76965,-73.86903,14,0.32692482
12,40.769616724505,-73.869189620018,15,0.33558751
12,40.769603520741,-73.869290202856,16,0.34092903
12,40.769562893759,-73.869386762381,17,0.34670858
12,40.769530392156,-73.869440406561,18,0.35030341
12,40.769491796481,-73.869475275278,19,0.35353427
12,40.769444059695,-73.86949673295,20,0.35701802
12,40.76935366441,-73.869519531727,21,0.36337661
12,40.769262253322,-73.869520872831,22,0.36969293
12,40.769152559851,-73.869536966085,23,0.37731849
12,40.769049975978,-73.869575858116,24,0.38469237
12,40.768976846783,-73.869630843401,25,0.39050673
12,40.768919968465,-73.869708627462,26,0.39616458
12,40.76887629401,-73.869803845882,27,0.4019891
12,40.768852933243,-73.869909793139,28,0.40776323
12,40.768837697955,-73.870021104813,29,0.41368226
12,40.768774725397,-73.870581686497,30,0.44333583
12,40.768720893969,-73.871155679226,31,0.47359966
12,40.768622372187,-73.872075676918,32,0.5222178
12,40.768524865949,-73.872988969088,33,0.57047879
12,40.768446657718,-73.873777538538,34,0.61209352
12,40.76832579027,-73.874913454056,35,0.67211486
12,40.76818867147,-73.876271992922,36,0.74382998
12,40.76846,-73.87631,37,0.76268127
12,40.76894,-73.87639,39,0.79610761
12,40.76911,-73.87636,40,0.80795729
12,40.76965,-73.87608,41,0.84803945
12,40.76985,-73.87601,42,0.86233457
12,40.77032,-73.87598,43,0.89484472
12,40.77039,-73.87598,44,0.89968095
12,40.77079,-73.87592,45,0.92749479
12,40.77087,-73.8759,46,0.93312057
12,40.77097,-73.8759,47,0.94002938
12,40.77107,-73.8759,48,0.94693845
12,40.77118,-73.87592,49,0.95461041
12,40.77168,-73.87605,50,0.98981872
12,40.771842029048,-73.876080214977,51,1.00112428
12,40.772076641478,-73.876135200262,52,1.01758689
12,40.772246252546,-73.875970244408,53,1.03214061
12,40.772345784587,-73.875339925289,54,1.0658298
12,40.772420941336,-73.874653279781,55,1.10213015
12,40.772425003861,-73.874253630638,56,1.12304259
12,40.772380316077,-73.873845934868,57,1.14459659
12,40.772313284345,-73.873312175274,58,1.17290566
12,40.77224219001,-73.872869610786,59,1.19657696
12,40.77217,-73.87246,60,1.21858165
12,40.77215,-73.87205,61,1.24007834
12,40.77216,-73.87175,62,1.25579033
12,40.77218,-73.8716,63,1.2637595
12,40.77218,-73.87159,64,1.2642871
12,40.77222,-73.87142,65,1.2736011
12,40.77224,-73.87134,66,1.27800899
12,40.77231,-73.8711,67,1.29146558
12,40.77251,-73.87073,68,1.31525053
12,40.77268,-73.87053,69,1.33098144
12,40.77282,-73.87042,70,1.34223703
12,40.77302,-73.87031,71,1.35720584
12,40.77309,-73.87032,72,1.36207041
12,40.77338,-73.87035,73,1.38216783
12,40.77353,-73.87042,74,1.39315942
12,40.773686405722,-73.870584368706,75,1.40696986
12,40.773777810723,-73.870699703693,76,1.41570475
12,40.773893590211,-73.870925009251,77,1.42995087
12,40.773997182213,-73.871110081673,78,1.44199206
12,40.77407843073,-73.871340751648,79,1.45530254
12,40.774171866401,-73.871598243713,80,1.47024157
12,40.774242958671,-73.871850371361,81,1.48431803
12,40.77427952038,-73.872027397156,82,1.49391846
12,40.774295770022,-73.872201740742,83,1.50310911
12,40.774297801227,-73.872228562832,84,1.50451865
12,40.774295770022,-73.872496783733,85,1.5185529
12,40.774259208322,-73.872773051262,86,1.53322661
12,40.774226709016,-73.873073458672,87,1.54910393
12,40.774137335842,-73.873462378979,88,1.57036889
12,40.774037806484,-73.873690366745,89,1.58413757
12,40.773938276977,-73.873837888241,90,1.59447499
12,40.77385,-73.87398,91,1.60409189
12,40.77377,-73.87403,92,1.61020725
12,40.77369,-73.87407,93,1.61611776
12,40.77364,-73.87409,94,1.61972756
12,40.77358,-73.87411,95,1.62400322
12,40.77348,-73.87413,96,1.63099115
12,40.77333,-73.87413,97,1.64135479
12,40.77324,-73.87412,98,1.64759518
12,40.77311,-73.87407,99,1.65695019
12,40.77297,-73.87399,100,1.66748961
12,40.77282,-73.87388,101,1.67934413
12,40.77271,-73.87377,102,1.68887746
12,40.7726,-73.87367,103,1.6981042
12,40.77252,-73.87354,104,1.70686852
12,40.77242,-73.87332,105,1.72029378
12,40.77233,-73.87309,106,1.73383928
12,40.77226,-73.87288,107,1.7458443
12,40.77223,-73.87276,108,1.75245666
12,40.77217,-73.87246,109,1.76869166
12,40.77215,-73.87205,110,1.79018835
12,40.77212,-73.87175,111,1.80602134
12,40.77211,-73.87162,112,1.81285826
12,40.7721,-73.8715,113,1.81917485
12,40.7721,-73.87144,114,1.82231506
12,40.7721,-73.87122,115,1.83382618
12,40.77209,-73.87096,116,1.84744776
12,40.77209,-73.87073,117,1.85948202
12,40.77208,-73.87062,118,1.8652787
12,40.77207,-73.87053,119,1.87003806
12,40.77203,-73.87037,120,1.87885403
12,40.77198,-73.8702,121,1.8883963
12,40.77171,-73.86959,122,1.92536496
12,40.77141,-73.86901,123,1.96211518
12,40.77105,-73.86832,124,2.00595666
12,40.77017,-73.86681,125,2.10565114
12,40.76984,-73.86623,126,2.14360949
12,40.76959,-73.86583,127,2.17074618
12,40.76943,-73.86556,128,2.1886847
12,40.76937,-73.86544,129,2.19620852
12,40.7692,-73.86521,130,2.21302474
12,40.76901,-73.86502,131,2.22949158
12,40.76853,-73.86467,132,2.26737552
12,40.76829,-73.86446,133,2.2872676
12,40.76805,-73.86422,134,2.30806794
12,40.76767,-73.86384,135,2.34100204
12,40.76748,-73.86364,136,2.3577902
12,40.76732,-73.86348,137,2.37165722
12,40.76725,-73.86337,138,2.37917525
12,40.76718,-73.86322,139,2.38839464
12,40.76713,-73.86305,140,2.39793727
12,40.76712,-73.86288,141,2.40685937
12,40.76711,-73.86278,142,2.41213732
12,40.76711,-73.86267,143,2.41789364
12,40.76715,-73.86225,144,2.44004403
12,40.7672,-73.86183,145,2.46229113
12,40.76722,-73.86172,146,2.46821046
12,40.76724,-73.86161,147,2.47413008
12,40.76727,-73.86152,148,2.47927585
12,40.76728,-73.86148,149,2.48148059
12,40.76732,-73.86138,150,2.48739815
12,40.76741,-73.86124,151,2.4970071
12,40.7675,-73.8611,152,2.50661604
12,40.76754,-73.86104,153,2.51079873
12,40.76759,-73.86098,154,2.51546656
12,40.76763,-73.86096,155,2.51842181
12,40.76767,-73.86094,156,2.52137706
12,40.76772,-73.86095,157,2.52487178
12,40.76777,-73.86097,158,2.5284811
12,40.76785,-73.86095,159,2.53410627
12,40.76786,-73.86094,160,2.5349732
12,40.76804,-73.86074,161,2.55122683
12,40.76811,-73.86066,162,2.55762334
12,40.76819,-73.86057,163,2.564885
12,40.76831,-73.86055,164,2.57324164
12,40.76839,-73.86045,165,2.58085282
12,40.76849,-73.86033,166,2.59018847
12,40.76851,-73.86028,167,2.59314666
12,40.76851,-73.86022,168,2.59628631
12,40.7685,-73.86017,169,2.59899202
12,40.76848,-73.86012,170,2.6019508
12,40.76843,-73.86007,171,2.60628426
12,40.76837,-73.86006,172,2.61046278
12,40.76831,-73.86006,173,2.61460871
12,40.76826,-73.8601,174,2.6186475
12,40.76804,-73.86035,175,2.63870134
12,40.76788,-73.86054,176,2.65356881
12,40.76777,-73.86073,177,2.66608272
12,40.767770203458,-73.860737979412,178,2.66649563
12,40.767770203458,-73.860815763473,179,2.67056575
12,40.767781376182,-73.860882818699,180,2.67415865
12,40.767795596009,-73.860924392939,181,2.67654599
12,40.767816925745,-73.860953897238,182,2.67868016
12,40.767829114163,-73.860986083746,183,2.68056221
12,40.767833176968,-73.861023634672,184,2.68254685
12,40.767854506692,-73.861142992973,185,2.68896372
12,40.767894119018,-73.861247599125,186,2.69508334
12,40.767986547686,-73.861393779516,187,2.70504765
12,40.768323758882,-73.861889988184,188,2.73993249
12,40.768323504959,-73.86188596487,189,2.7401532
12,40.768515724732,-73.862155526876,190,2.75952653
12,40.768669347797,-73.862371779978,191,2.77504084
12,40.768669347797,-73.862370103598,192,2.77512426
12,40.768775741084,-73.862553834915,193,2.78722628
12,40.768810274429,-73.86262357235,194,2.79158655
12,40.768823478351,-73.862690627575,195,2.79521174
12,40.768825509723,-73.862822055817,196,2.80209002
12,40.768813321488,-73.862949460745,197,2.80880938
12,40.768799101878,-73.863041996956,198,2.81375025
12,40.768804180311,-73.863080888987,199,2.8158148
12,40.768815352861,-73.863119781017,200,2.81799174
12,40.768882388122,-73.863213658333,201,2.82474314
12,40.7689758311,-73.863326311111,202,2.83348539
12,40.76907536804,-73.863440304995,203,2.84258856
12,40.769236861331,-73.863615989685,204,2.85704536
12,40.769307958882,-73.863699138165,205,2.86360701
12,40.76942,-73.86381,206,2.87328019
12,40.76958,-73.86388,207,2.88492565
12,40.76968,-73.86393,208,2.89231343
12,40.76977,-73.86401,209,2.89980922
12,40.76982,-73.86409,210,2.90523669
12,40.7702,-73.86462,211,2.94342498
12,40.77118,-73.86597,213,3.04127191
12,40.7712,-73.866,214,3.04336242
12,40.771434756152,-73.866333067417,215,3.06716937
12,40.771562727456,-73.866499364376,216,3.07957437
12,40.771490616672,-73.866514116526,217,3.08461562
12,40.771423584043,-73.866570442915,218,3.09010492
12,40.771321003676,-73.866688460112,219,3.09950501
12,40.77123670484,-73.866807818413,220,3.10804452
12,40.77113,-73.86702,221,3.12137146
12,40.7699,-73.86843,222,3.2339092
12,40.7698,-73.86858,223,3.24436542
12,40.76976,-73.86866,224,3.24938142
12,40.76968,-73.86886,225,3.26121611
12,40.76965,-73.86903,226,3.2703498
12,40.769616724505,-73.869189620018,227,3.27901249
12,40.769603520741,-73.869290202856,228,3.28435401
12,40.769562893759,-73.869386762381,229,3.29013356
12,40.769530392156,-73.869440406561,230,3.29372839
12,40.769491796481,-73.869475275278,231,3.29695925
12,40.769444059695,-73.86949673295,232,3.300443
12,40.76935366441,-73.869519531727,233,3.30680159
12,40.769262253322,-73.869520872831,234,3.31311791
12,40.769152559851,-73.869536966085,235,3.32074347
12,40.769049975978,-73.869575858116,236,3.32811735
12,40.768976846783,-73.869630843401,237,3.3339317
12,40.768919968465,-73.869708627462,238,3.33958956
12,40.76887629401,-73.869803845882,239,3.34541408
12,40.768852933243,-73.869909793139,240,3.3511882
12,40.768837697955,-73.870021104813,241,3.35710724
12,40.768774725397,-73.870581686497,242,3.38676081
12,40.768720893969,-73.871155679226,243,3.41702464
12,40.768622372187,-73.872075676918,244,3.46564278
12,40.768524865949,-73.872988969088,245,3.51390377
12,40.768446657718,-73.873777538538,246,3.5555185
12,40.76832579027,-73.874913454056,247,3.61553984
12,40.76818867147,-73.876271992922,248,3.68725496
12,40.76846,-73.87631,249,3.70610625
12,40.76894,-73.87639,251,3.73953259
12,40.76911,-73.87636,252,3.75138227
12,40.76965,-73.87608,253,3.79146443
12,40.76985,-73.87601,254,3.80575955
12,40.77032,-73.87598,255,3.8382697
12,40.77039,-73.87598,256,3.84310593
12,40.77079,-73.87592,257,3.87091977
12,40.77087,-73.8759,258,3.87654555
12,40.77097,-73.8759,259,3.88345436
12,40.77107,-73.8759,260,3.89036343
12,40.77118,-73.87592,261,3.89803539
12,40.77168,-73.87605,262,3.9332437
12,40.771842029048,-73.876080214977,263,3.94454926
12,40.772076641478,-73.876135200262,264,3.96101187
12,40.772246252546,-73.875970244408,265,3.97556559
12,40.772345784587,-73.875339925289,266,4.00925478
12,40.772420941336,-73.874653279781,267,4.04555512
12,40.772425003861,-73.874253630638,268,4.06646757
12,40.772380316077,-73.873845934868,269,4.08802157
12,40.772313284345,-73.873312175274,270,4.11633064
12,40.77224219001,-73.872869610786,271,4.14000194
12,40.77217,-73.87246,272,4.16200663
12,40.77215,-73.87205,273,4.18350332
12,40.77216,-73.87175,274,4.19921531
12,40.77218,-73.8716,275,4.20718448
12,40.77218,-73.87159,276,4.20771208
12,40.77222,-73.87142,277,4.21702608
12,40.77224,-73.87134,278,4.22143397
12,40.77231,-73.8711,279,4.23489056
12,40.77251,-73.87073,280,4.25867551
12,40.77268,-73.87053,281,4.27440641
12,40.77282,-73.87042,282,4.285662
12,40.77302,-73.87031,283,4.30063082
12,40.77309,-73.87032,284,4.30549539
12,40.77338,-73.87035,285,4.32559281
12,40.77353,-73.87042,286,4.33658439
12,40.773686405722,-73.870584368706,287,4.35039484
12,40.773777810723,-73.870699703693,288,4.35912973
12,40.773893590211,-73.870925009251,289,4.37337585
12,40.773997182213,-73.871110081673,290,4.38541704
12,40.77407843073,-73.871340751648,291,4.39872752
12,40.774171866401,-73.871598243713,292,4.41366655
12,40.774242958671,-73.871850371361,293,4.42774301
12,40.77427952038,-73.872027397156,294,4.43734344
12,40.774295770022,-73.872201740742,295,4.44653409
12,40.774297801227,-73.872228562832,296,4.44794363
12,40.774295770022,-73.872496783733,297,4.46197788
12,40.774259208322,-73.872773051262,298,4.47665159
12,40.774226709016,-73.873073458672,299,4.49252891
12,40.774137335842,-73.873462378979,300,4.51379387
12,40.774037806484,-73.873690366745,301,4.52756255
12,40.773938276977,-73.873837888241,302,4.53789997
12,40.77385,-73.87398,303,4.54751687
12,40.77377,-73.87403,304,4.55363223
12,40.77369,-73.87407,305,4.55954274
12,40.77364,-73.87409,306,4.56315254
12,40.77358,-73.87411,307,4.5674282
12,40.77348,-73.87413,308,4.57441613
12,40.77333,-73.87413,309,4.58477977
12,40.77324,-73.87412,310,4.59102016
12,40.77311,-73.87407,311,4.60037517
12,40.77297,-73.87399,312,4.61091459
12,40.77282,-73.87388,313,4.62276911
12,40.77271,-73.87377,314,4.63230244
12,40.7726,-73.87367,315,4.64152918
12,40.77252,-73.87354,316,4.6502935
12,40.77242,-73.87332,317,4.66371876
12,40.77233,-73.87309,318,4.67726426
12,40.77226,-73.87288,319,4.68926928
12,40.77223,-73.87276,320,4.69588164
12,40.77217,-73.87246,321,4.71211664
12,40.77215,-73.87205,322,4.73361333
12,40.77212,-73.87175,323,4.74944632
12,40.77211,-73.87162,324,4.75628324
12,40.7721,-73.8715,325,4.76259983
12,40.7721,-73.87144,326,4.76574004
12,40.7721,-73.87122,327,4.77725116
12,40.77209,-73.87096,328,4.79087274
12,40.77209,-73.87073,329,4.802907
12,40.77208,-73.87062,330,4.80870368
12,40.77207,-73.87053,331,4.81346304
12,40.77203,-73.87037,332,4.82227901
12,40.77198,-73.8702,333,4.83182128
12,40.77171,-73.86959,334,4.86878994
12,40.77141,-73.86901,335,4.90554016
12,40.77105,-73.86832,336,4.94938164
12,40.77017,-73.86681,337,5.04907611
12,40.76984,-73.86623,338,5.08703447
12,40.76959,-73.86583,339,5.11417116
12,40.76943,-73.86556,340,5.13210968
12,40.76937,-73.86544,341,5.1396335
12,40.7692,-73.86521,342,5.15644972
12,40.76901,-73.86502,343,5.17291656
12,40.76853,-73.86467,344,5.2108005
12,40.76829,-73.86446,345,5.23069258
12,40.76805,-73.86422,346,5.25149292
12,40.76767,-73.86384,347,5.28442702
12,40.76748,-73.86364,348,5.30121518
12,40.76732,-73.86348,349,5.3150822
12,40.76725,-73.86337,350,5.32260023
12,40.76718,-73.86322,351,5.33181962
12,40.76713,-73.86305,352,5.34136225
12,40.76712,-73.86288,353,5.35028434
12,40.76711,-73.86278,354,5.3555623
12,40.76711,-73.86267,355,5.36131862
12,40.76715,-73.86225,356,5.38346901
12,40.7672,-73.86183,357,5.40571611
12,40.76722,-73.86172,358,5.41163544
12,40.76724,-73.86161,359,5.41755506
12,40.76727,-73.86152,360,5.42270083
12,40.76728,-73.86148,361,5.42490557
12,40.76732,-73.86138,362,5.43082313
12,40.76741,-73.86124,363,5.44043208
12,40.7675,-73.8611,364,5.45004102
12,40.76754,-73.86104,365,5.45422371
12,40.76759,-73.86098,366,5.45889153
12,40.76763,-73.86096,367,5.46184679
12,40.76767,-73.86094,368,5.46480204
12,40.76772,-73.86095,369,5.46829676
12,40.76777,-73.86097,370,5.47190608
12,40.76785,-73.86095,371,5.47753125
12,40.76786,-73.86094,372,5.47839818
12,40.76804,-73.86074,373,5.49465181
12,40.76811,-73.86066,374,5.50104832
12,40.76819,-73.86057,375,5.50830998
12,40.76831,-73.86055,376,5.51666662
12,40.76839,-73.86045,377,5.5242778
12,40.76849,-73.86033,378,5.53361344
12,40.76851,-73.86028,379,5.53657164
12,40.76851,-73.86022,380,5.53971129
12,40.7685,-73.86017,381,5.542417
12,40.76848,-73.86012,382,5.54537578
12,40.76843,-73.86007,383,5.54970923
12,40.76837,-73.86006,384,5.55388776
12,40.76831,-73.86006,385,5.55803369
12,40.76826,-73.8601,386,5.56207248
12,40.76804,-73.86035,387,5.58212632
12,40.76788,-73.86054,388,5.59699379
12,40.76777,-73.86073,389,5.6095077
12,40.767770203458,-73.860737979412,390,5.60992061
12,40.767770203458,-73.860815763473,391,5.61399073
12,40.767781376182,-73.860882818699,392,5.61758363
12,40.767795596009,-73.860924392939,393,5.61997097
12,40.767816925745,-73.860953897238,394,5.62210513
12,40.767829114163,-73.860986083746,395,5.62398719
12,40.767833176968,-73.861023634672,396,5.62597182
12,40.767854506692,-73.861142992973,397,5.6323887
12,40.767894119018,-73.861247599125,398,5.63850832
12,40.767986547686,-73.861393779516,399,5.64847263
12,40.768323758882,-73.861889988184,400,5.68335747
12,40.768323504959,-73.86188596487,401,5.68357818
12,40.768515724732,-73.862155526876,402,5.70295151
12,40.768669347797,-73.862371779978,403,5.71846582
13,40.774799506958,-73.884480893612,0,0
13,40.774509046207,-73.884424567223,1,0.0202832
13,40.774460297425,-73.884303867817,2,0.02744061
13,40.774372955768,-73.883973956108,3,0.04572627
13,40.774370924566,-73.883850574493,4,0.05218315
13,40.774350612535,-73.883775472641,5,0.05635584
13,40.774299832432,-73.883719146252,6,0.0609379
13,40.774242958671,-73.883700370789,7,0.06498874
13,40.77414749189,-73.883719146252,8,0.07165769
13,40.774088586787,-73.883796930313,9,0.0774131
13,40.773950464272,-73.884982466698,10,0.14017162
13,40.773822497567,-73.886170685291,11,0.20296634
13,40.773779841944,-73.886227011681,12,0.20713403
13,40.773729061405,-73.886251151562,13,0.21086284
13,40.773680312051,-73.886272609234,14,0.21441287
13,40.773631562661,-73.886275291443,15,0.21778393
13,40.773266956714,-73.886201530695,16,0.24326846
13,40.77327,-73.8862,17,0.24349691
13,40.77316,-73.88618,18,0.25116843
13,40.77312,-73.88615,19,0.25434663
13,40.77301,-73.88613,20,0.26201814
13,40.77291,-73.8861,21,0.26910324
13,40.77282,-73.88605,22,0.27584948
13,40.77268,-73.88602,23,0.28564882
13,40.77237,-73.88596,24,0.30729568
13,40.77198,-73.88589,25,0.3344886
13,40.77187,-73.88587,26,0.34216012
13,40.77181,-73.88587,27,0.34630562
13,40.77173,-73.88584,28,0.35205165
13,40.77167,-73.88578,29,0.35725157
13,40.77155,-73.88561,30,0.3694111
13,40.77153,-73.88558,31,0.37150161
13,40.77152,-73.88556,32,0.37275708
13,40.77149,-73.88553,33,0.37535721
13,40.77146,-73.88549,34,0.37830244
13,40.77143,-73.88547,35,0.38062327
13,40.77138,-73.88545,36,0.38423307
13,40.77132,-73.88539,37,0.38943332
13,40.77123,-73.88537,38,0.39573917
13,40.7711,-73.88535,39,0.40478173
13,40.77107,-73.88535,40,0.40685554
13,40.77086,-73.88531,42,0.42151466
13,40.77072,-73.88528,43,0.43131382
13,40.770515589944,-73.886935114861,44,0.51905993
13,40.769629928266,-73.886811733246,45,0.5805899
13,40.769357727122,-73.886747360229,46,0.59969557
13,40.769199281166,-73.886672258377,47,0.61132668
13,40.76871,-73.88619,48,0.65351083
13,40.7686,-73.88611,49,0.66218717
13,40.7685,-73.88599,50,0.67152319
13,40.76845,-73.88593,51,0.67619139
13,40.76841,-73.88585,52,0.68120738
13,40.76827,-73.88555,53,0.69964577
13,40.76819,-73.8854,54,0.70924548
13,40.7681,-73.88524,55,0.71967438
13,40.76806,-73.8851,56,0.7275037
13,40.76804,-73.88497,57,0.73444467
13,40.76805,-73.88486,58,0.74024224
13,40.76813,-73.88461,59,0.75444335
13,40.76826,-73.88429,60,0.77344438
13,40.76839,-73.88397,61,0.7924454
13,40.76857,-73.88356,62,0.81724278
13,40.76875,-73.88315,63,0.84204015
13,40.76892,-73.8828,64,0.86379676
13,40.76909,-73.88245,65,0.88555338
13,40.76931,-73.88202,66,0.91270621
13,40.76957,-73.88159,67,0.94149729
13,40.76986,-73.88117,68,0.97123633
13,40.77004,-73.88094,69,0.98854222
13,40.7702,-73.88074,70,1.00376447
13,40.7703,-73.8806,71,1.01383419
13,40.77051,-73.88026,72,1.03679061
13,40.77054,-73.88021,73,1.04012795
13,40.77068,-73.87997,74,1.05597906
13,40.77073,-73.87987,75,1.06224893
13,40.77103,-73.87937,76,1.09562637
13,40.77131,-73.87877,77,1.13250221
13,40.77146,-73.87839,78,1.15492387
13,40.771590149846,-73.878150880337,79,1.17033151
13,40.771744527535,-73.877960443497,80,1.18492772
13,40.771896873586,-73.877807557583,81,1.19814822
13,40.772087813478,-73.877633213997,82,1.21418711
13,40.772213752255,-73.877520561218,83,1.22469677
13,40.772384378604,-73.877327442169,84,1.2402233
13,40.772542816965,-73.877158463001,85,1.25429444
13,40.772689067424,-73.877000212669,86,1.26735822
13,40.772829223812,-73.876839280128,87,1.28019061
13,40.772788598802,-73.876718580723,88,1.28710144
13,40.772725629989,-73.87661665678,89,1.29398401
13,40.772644379818,-73.876461088657,90,1.30387172
13,40.77249406674,-73.87634575367,91,1.31588283
13,40.772339690793,-73.876246511936,92,1.32774557
13,40.772195470834,-73.876013159752,93,1.34350487
13,40.772280784087,-73.875621557236,94,1.36482547
13,40.772351878381,-73.875216543674,95,1.38657872
13,40.772408753761,-73.874647915363,96,1.41658919
13,40.772404691236,-73.874197304249,97,1.440168
13,40.77230109675,-73.8733497262,98,1.48508932
13,40.77227265902,-73.872925937176,99,1.50734994
13,40.77223,-73.87276,100,1.51651899
13,40.77217,-73.87246,101,1.53275398
13,40.77215,-73.87205,102,1.55425068
13,40.77216,-73.87175,103,1.56996267
13,40.77218,-73.8716,104,1.57793184
13,40.77218,-73.87159,105,1.57845943
13,40.77222,-73.87142,106,1.58777344
13,40.77224,-73.87134,107,1.59218133
13,40.77231,-73.8711,108,1.60563792
13,40.77251,-73.87073,109,1.62942286
13,40.77268,-73.87053,110,1.64515377
13,40.77282,-73.87042,111,1.65640936
13,40.77302,-73.87031,112,1.67137818
13,40.77309,-73.87032,113,1.67624274
13,40.77338,-73.87035,114,1.69634017
13,40.77353,-73.87042,115,1.70733175
13,40.77374327996,-73.87065410614,116,1.72649343
13,40.773873278035,-73.870882093906,117,1.74142547
13,40.773984994927,-73.871093988419,118,1.75493432
13,40.774096711632,-73.871380984783,119,1.77181786
13,40.77419827211,-73.871702849865,120,1.79006151
13,40.774253114703,-73.871920108795,121,1.80204361
13,40.774291707612,-73.872177600861,122,1.81577713
13,40.774289676407,-73.872193694115,123,1.81663193
13,40.774289676407,-73.872491419315,124,1.83220936
13,40.774249052291,-73.872799873352,125,1.8485904
13,40.774204365734,-73.873167335987,126,1.8680628
13,40.774145460681,-73.873414099216,127,1.88159995
13,40.774088586787,-73.873572349548,128,1.89076482
13,40.774019525565,-73.873714506626,129,1.8996013
13,40.77385,-73.87398,130,1.91777108
13,40.77377,-73.87403,131,1.92388644
13,40.77369,-73.87407,132,1.92979695
13,40.77364,-73.87409,133,1.93340675
13,40.77358,-73.87411,134,1.93768241
13,40.77348,-73.87413,135,1.94467034
13,40.77333,-73.87413,136,1.95503398
13,40.77324,-73.87412,137,1.96127437
13,40.77311,-73.87407,138,1.97062938
13,40.77297,-73.87399,139,1.9811688
13,40.77282,-73.87388,140,1.99302332
13,40.77271,-73.87377,141,2.00255665
13,40.7726,-73.87367,142,2.01178339
13,40.77252,-73.87354,143,2.02054771
13,40.77242,-73.87332,144,2.03397297
13,40.77233,-73.87309,145,2.04751847
13,40.77226,-73.87288,146,2.05952349
13,40.77223,-73.87276,147,2.06613585
13,40.77217,-73.87246,148,2.08237085
13,40.77215,-73.87205,149,2.10386754
13,40.77212,-73.87175,150,2.11970053
13,40.77211,-73.87162,151,2.12653745
13,40.7721,-73.8715,152,2.13285404
13,40.7721,-73.87144,153,2.13599425
13,40.7721,-73.87122,154,2.14750537
13,40.77209,-73.87096,155,2.16112695
13,40.77209,-73.87073,156,2.17316121
13,40.77208,-73.87062,157,2.17895789
13,40.772,-73.8704,158,2.19172709
13,40.77193,-73.87023,159,2.20185195
13,40.77188,-73.87016,160,2.20688699
13,40.77182,-73.87012,161,2.21153052
13,40.77178,-73.8701,162,2.21448578
13,40.77171,-73.87013,163,2.21957067
13,40.77166,-73.87018,164,2.22390372
13,40.77163,-73.87027,165,2.22904881
13,40.77163,-73.87038,166,2.23480452
13,40.77169,-73.87077,167,2.25562726
13,40.77171,-73.87086,168,2.26053492
13,40.77183,-73.87143,169,2.29149
13,40.77193,-73.872,170,2.32210397
13,40.77202,-73.87261,171,2.35462097
13,40.77206,-73.87297,172,2.37365886
13,40.77215,-73.87377,173,2.41597638
13,40.772189377026,-73.874229490757,174,2.4401715
13,40.772191408296,-73.874918818474,175,2.47623928
13,40.772177189409,-73.875331878662,176,2.49787409
13,40.772132501458,-73.875795900822,177,2.52234852
13,40.772053281836,-73.876171410084,178,2.54274429
13,40.771884685915,-73.876906335354,179,2.5829232
13,40.771815622402,-73.877155780792,180,2.59681992
13,40.771703901862,-73.877410590649,181,2.61222564
13,40.771837966488,-73.877582252026,182,2.62512781
13,40.771990312325,-73.877729773521,183,2.63818012
13,40.771762809079,-73.877944350243,184,2.65749625
13,40.771567805677,-73.878185749054,185,2.67596387
13,40.771275299501,-73.878845572472,186,2.71596803
13,40.770946228513,-73.879489302635,187,2.75660539
13,40.770588717445,-73.880133032799,188,2.79837401
13,40.770214953817,-73.880717754364,189,2.83841026
13,40.769950880421,-73.881050348282,190,2.86362397
13,40.769743683638,-73.881340026855,191,2.88447267
13,40.769544611609,-73.881640434265,192,2.90535931
13,40.769191155722,-73.882241249084,193,2.9451673
13,40.768874262639,-73.882890343666,194,2.98557652
13,40.768579713226,-73.883520662785,195,3.02433126
13,40.768297350838,-73.884172439575,196,3.06362122
13,40.768128745387,-73.8845962286,197,3.08866982
13,40.768051552387,-73.884832262993,198,3.10212279
13,40.768045458199,-73.884971737862,199,3.10943292
13,40.768057646575,-73.885105848312,200,3.11650056
13,40.768100305871,-73.885231912136,201,3.12372547
13,40.768197812732,-73.885419666767,202,3.13563768
13,40.76841923403,-73.885862231255,203,3.1633919
13,40.768488301073,-73.88598293066,204,3.17130763
13,40.768573619086,-73.886076807976,205,3.1789805
13,40.76871,-73.88619,206,3.19010988
13,40.76884,-73.88631,207,3.20106849
13,40.76914,-73.88662,208,3.2273881
13,40.7692,-73.88667,209,3.23229007
13,40.76929,-73.88672,210,3.23903606
13,40.76939,-73.88676,211,3.24625519
13,40.7695,-73.88679,212,3.25401554
13,40.76951,-73.88679,213,3.25470848
13,40.76972,-73.88682,214,3.26930195
13,40.77021,-73.8869,215,3.30341386
13,40.77052,-73.88696,216,3.32506064
13,40.77059,-73.887,217,3.33033035
13,40.7709,-73.88713,218,3.35280247
13,40.77117,-73.88724,219,3.37232456
13,40.77162,-73.88743,220,3.40496582
13,40.77167,-73.88745,221,3.40857515
13,40.77175,-73.88749,222,3.41448507
13,40.77193,-73.88756,223,3.42744938
13,40.77195,-73.88756,224,3.42883275
13,40.77202,-73.88759,225,3.4339173
13,40.7721,-73.8876,226,3.43946962
13,40.77223,-73.8876,227,3.44845158
13,40.77232,-73.88761,228,3.45469197
13,40.77259,-73.88762,229,3.47335357
13,40.77281,-73.88765,230,3.48863422
13,40.77315,-73.88771,231,3.51233365
13,40.77331,-73.88772,232,3.52340048
13,40.77346,-73.88768,233,3.53397319
13,40.77359,-73.88757,234,3.54464075
13,40.77367,-73.88746,235,3.55262039
13,40.77371,-73.88732,236,3.56044949
13,40.77374,-73.88704,237,3.57524552
13,40.77382,-73.88619,238,3.62006091
13,40.77382808342,-73.886036574841,239,3.62810785
13,40.773793044878,-73.885972872376,240,3.63222768
13,40.773777302918,-73.885927945375,241,3.63481842
13,40.773776795113,-73.88588771224,242,3.63692386
13,40.773781873165,-73.88584882021,243,3.63898925
13,40.773792029268,-73.885787129402,245,3.64229254
13,40.773815388298,-73.88571202755,246,3.64654044
13,40.773846872196,-73.88567045331,247,3.64961683
13,40.773879371688,-73.88560205698,248,3.65384174
13,40.773896637037,-73.885477334261,249,3.66047537
13,40.77406,-73.88389,250,3.74429017
13,40.77408,-73.88382,251,3.74820472
13,40.7741,-73.88376,252,3.75163462
13,40.77416,-73.88372,253,3.75627852
13,40.774228740223,-73.883676230907,254,3.7615512
13,40.774307957251,-73.88366818428,255,3.76704019
13,40.774372955768,-73.88369768858,256,3.77178857
13,40.774419673413,-73.883735239506,257,3.77556697
13,40.774466391025,-73.883794248104,258,3.78003367
13,40.774539514178,-73.883898854256,259,3.78748196
13,40.774596387685,-73.883973956108,260,3.7930393
13,40.774659354726,-73.884041011333,261,3.79862816
13,40.774728415283,-73.884081244469,262,3.80384345
13,40.774795444578,-73.884102702141,263,3.80860865
13,40.77490715992,-73.884121477604,264,3.8163896
13,40.77497622022,-73.884134888649,265,3.8212125
13,40.775051373993,-73.884169757366,266,3.82671573
13,40.7751346524,-73.884175121784,267,3.83247597
13,40.775219961879,-73.88418585062,268,3.83839678
13,40.775270741278,-73.884218037128,269,3.84228859
13,40.775246367171,-73.884416520596,270,3.85280917
13,40.775217930702,-73.884494304657,271,3.85732815
13,40.775163088905,-73.884531855583,272,3.86159607
13,40.775081841715,-73.884531855583,273,3.86720947
13,40.774799760856,-73.884477205575,274,3.88690714
